-1.0000e+02 -1.3560e-06
-9.9900e+01 -6.6853e-06
-9.9800e+01 -5.3467e-06
-9.9700e+01 2.8489e-06
-9.9600e+01 1.6994e-05
-9.9500e+01 3.5191e-05
-9.9400e+01 5.4812e-05
-9.9300e+01 7.2903e-05
-9.9200e+01 8.6632e-05
-9.9100e+01 9.3755e-05
-9.8999e+01 9.2992e-05
-9.8899e+01 8.4267e-05
-9.8799e+01 6.8768e-05
-9.8699e+01 4.8805e-05
-9.8599e+01 2.7484e-05
-9.8499e+01 8.2533e-06
-9.8399e+01 -5.6309e-06
-9.8299e+01 -1.1622e-05
-9.8199e+01 -8.3079e-06
-9.8099e+01 4.3268e-06
-9.7999e+01 2.4847e-05
-9.7899e+01 5.0536e-05
-9.7799e+01 7.7777e-05
-9.7699e+01 1.0257e-04
-9.7599e+01 1.2116e-04
-9.7499e+01 1.3059e-04
-9.7399e+01 1.2922e-04
-9.7299e+01 1.1701e-04
-9.7199e+01 9.5579e-05
-9.7099e+01 6.8023e-05
-9.6998e+01 3.8495e-05
-9.6898e+01 1.1604e-05
-9.6798e+01 -8.2683e-06
-9.6698e+01 -1.7642e-05
-9.6598e+01 -1.4496e-05
-9.6498e+01 1.3762e-06
-9.6398e+01 2.8273e-05
-9.6298e+01 6.2777e-05
-9.6198e+01 1.0021e-04
-9.6098e+01 1.3528e-04
-9.5998e+01 1.6288e-04
-9.5898e+01 1.7882e-04
-9.5798e+01 1.8053e-04
-9.5698e+01 1.6744e-04
-9.5598e+01 1.4117e-04
-9.5498e+01 1.0535e-04
-9.5398e+01 6.5156e-05
-9.5298e+01 2.6580e-05
-9.5198e+01 -4.4005e-06
-9.5098e+01 -2.2716e-05
-9.4997e+01 -2.4972e-05
-9.4897e+01 -9.9977e-06
-9.4797e+01 2.0910e-05
-9.4697e+01 6.4099e-05
-9.4597e+01 1.1401e-04
-9.4497e+01 1.6395e-04
-9.4397e+01 2.0696e-04
-9.4297e+01 2.3691e-04
-9.4197e+01 2.4929e-04
-9.4097e+01 2.4202e-04
-9.3997e+01 2.1573e-04
-9.3897e+01 1.7383e-04
-9.3797e+01 1.2205e-04
-9.3697e+01 6.7718e-05
-9.3597e+01 1.8781e-05
-9.3497e+01 -1.7326e-05
-9.3397e+01 -3.4736e-05
-9.3297e+01 -3.0024e-05
-9.3197e+01 -2.7672e-06
-9.3097e+01 4.4313e-05
-9.2996e+01 1.0564e-04
-9.2896e+01 1.7346e-04
-9.2796e+01 2.3890e-04
-9.2696e+01 2.9314e-04
-9.2596e+01 3.2863e-04
-9.2496e+01 3.4022e-04
-9.2396e+01 3.2591e-04
-9.2296e+01 2.8719e-04
-9.2196e+01 2.2901e-04
-9.2096e+01 1.5910e-04
-9.1996e+01 8.7088e-05
-9.1896e+01 2.3148e-05
-9.1796e+01 -2.3320e-05
-9.1696e+01 -4.5012e-05
-9.1596e+01 -3.7765e-05
-9.1496e+01 -1.2108e-06
-9.1396e+01 6.1072e-05
-9.1296e+01 1.4194e-04
-9.1196e+01 2.3154e-04
-9.1096e+01 3.1857e-04
-9.0995e+01 3.9176e-04
-9.0895e+01 4.4138e-04
-9.0795e+01 4.6057e-04
-9.0695e+01 4.4634e-04
-9.0595e+01 4.0006e-04
-9.0495e+01 3.2740e-04
-9.0395e+01 2.3769e-04
-9.0295e+01 1.4276e-04
-9.0195e+01 5.5489e-05
-9.0095e+01 -1.1904e-05
-8.9995e+01 -4.9462e-05
-8.9895e+01 -5.0847e-05
-8.9795e+01 -1.4262e-05
-8.9695e+01 5.7205e-05
-8.9595e+01 1.5586e-04
-8.9495e+01 2.7030e-04
-8.9395e+01 3.8677e-04
-8.9295e+01 4.9092e-04
-8.9195e+01 5.6962e-04
-8.9095e+01 6.1266e-04
-8.8994e+01 6.1417e-04
-8.8894e+01 5.7343e-04
-8.8794e+01 4.9512e-04
-8.8694e+01 3.8880e-04
-8.8594e+01 2.6788e-04
-8.8494e+01 1.4792e-04
-8.8394e+01 4.4803e-05
-8.8294e+01 -2.7340e-05
-8.8194e+01 -5.7900e-05
-8.8094e+01 -4.1219e-05
-8.7994e+01 2.2596e-05
-8.7894e+01 1.2756e-04
-8.7794e+01 2.6242e-04
-8.7694e+01 4.1196e-04
-8.7594e+01 5.5879e-04
-8.7494e+01 6.8547e-04
-8.7394e+01 7.7663e-04
-8.7294e+01 8.2095e-04
-8.7194e+01 8.1261e-04
-8.7094e+01 7.5215e-04
-8.6993e+01 6.4649e-04
-8.6893e+01 5.0823e-04
-8.6793e+01 3.5426e-04
-8.6693e+01 2.0374e-04
-8.6593e+01 7.5886e-05
-8.6493e+01 -1.2429e-05
-8.6393e+01 -4.8701e-05
-8.6293e+01 -2.6407e-05
-8.6193e+01 5.4097e-05
-8.6093e+01 1.8549e-04
-8.5993e+01 3.5424e-04
-8.5893e+01 5.4208e-04
-8.5793e+01 7.2812e-04
-8.5693e+01 8.9126e-04
-8.5593e+01 1.0127e-03
-8.5493e+01 1.0783e-03
-8.5393e+01 1.0800e-03
-8.5293e+01 1.0173e-03
-8.5193e+01 8.9716e-04
-8.5093e+01 7.3355e-04
-8.4992e+01 5.4563e-04
-8.4892e+01 3.5587e-04
-8.4792e+01 1.8736e-04
-8.4692e+01 6.1198e-05
-8.4592e+01 -6.0167e-06
-8.4492e+01 -4.1459e-06
-8.4392e+01 6.9201e-05
-8.4292e+01 2.0828e-04
-8.4192e+01 3.9973e-04
-8.4092e+01 6.2400e-04
-8.3992e+01 8.5748e-04
-8.3892e+01 1.0751e-03
-8.3792e+01 1.2533e-03
-8.3692e+01 1.3724e-03
-8.3592e+01 1.4192e-03
-8.3492e+01 1.3885e-03
-8.3392e+01 1.2837e-03
-8.3292e+01 1.1164e-03
-8.3192e+01 9.0555e-04
-8.3092e+01 6.7534e-04
-8.2991e+01 4.5238e-04
-8.2891e+01 2.6293e-04
-8.2791e+01 1.2996e-04
-8.2691e+01 7.0589e-05
-8.2591e+01 9.4078e-05
-8.2491e+01 2.0076e-04
-8.2391e+01 3.8188e-04
-8.2291e+01 6.2045e-04
-8.2191e+01 8.9300e-04
-8.2091e+01 1.1721e-03
-8.1991e+01 1.4293e-03
-8.1891e+01 1.6380e-03
-8.1791e+01 1.7768e-03
-8.1691e+01 1.8314e-03
-8.1591e+01 1.7964e-03
-8.1491e+01 1.6761e-03
-8.1391e+01 1.4837e-03
-8.1291e+01 1.2407e-03
-8.1191e+01 9.7388e-04
-8.1091e+01 7.1299e-04
-8.0990e+01 4.8754e-04
-8.0890e+01 3.2358e-04
-8.0790e+01 2.4101e-04
-8.0690e+01 2.5139e-04
-8.0590e+01 3.5668e-04
-8.0490e+01 5.4898e-04
-8.0390e+01 8.1127e-04
-8.0290e+01 1.1191e-03
-8.0190e+01 1.4432e-03
-8.0090e+01 1.7524e-03
-7.9990e+01 2.0167e-03
-7.9890e+01 2.2107e-03
-7.9790e+01 2.3160e-03
-7.9690e+01 2.3232e-03
-7.9590e+01 2.2328e-03
-7.9490e+01 2.0556e-03
-7.9390e+01 1.8108e-03
-7.9290e+01 1.5252e-03
-7.9190e+01 1.2294e-03
-7.9090e+01 9.5540e-04
-7.8989e+01 7.3331e-04
-7.8889e+01 5.8804e-04
-7.8789e+01 5.3699e-04
-7.8689e+01 5.8822e-04
-7.8589e+01 7.3968e-04
-7.8489e+01 9.7939e-04
-7.8389e+01 1.2866e-03
-7.8289e+01 1.6339e-03
-7.8189e+01 1.9899e-03
-7.8089e+01 2.3224e-03
-7.7989e+01 2.6015e-03
-7.7889e+01 2.8025e-03
-7.7789e+01 2.9085e-03
-7.7689e+01 2.9117e-03
-7.7589e+01 2.8145e-03
-7.7489e+01 2.6291e-03
-7.7389e+01 2.3762e-03
-7.7289e+01 2.0829e-03
-7.7189e+01 1.7804e-03
-7.7089e+01 1.5004e-03
-7.6988e+01 1.2725e-03
-7.6888e+01 1.1215e-03
-7.6788e+01 1.0642e-03
-7.6688e+01 1.1091e-03
-7.6588e+01 1.2544e-03
-7.6488e+01 1.4893e-03
-7.6388e+01 1.7943e-03
-7.6288e+01 2.1439e-03
-7.6188e+01 2.5083e-03
-7.6088e+01 2.8568e-03
-7.5988e+01 3.1606e-03
-7.5888e+01 3.3953e-03
-7.5788e+01 3.5434e-03
-7.5688e+01 3.5956e-03
-7.5588e+01 3.5517e-03
-7.5488e+01 3.4206e-03
-7.5388e+01 3.2188e-03
-7.5288e+01 2.9696e-03
-7.5188e+01 2.6999e-03
-7.5088e+01 2.4383e-03
-7.4987e+01 2.2123e-03
-7.4887e+01 2.0452e-03
-7.4787e+01 1.9551e-03
-7.4687e+01 1.9523e-03
-7.4587e+01 2.0392e-03
-7.4487e+01 2.2098e-03
-7.4387e+01 2.4511e-03
-7.4287e+01 2.7437e-03
-7.4187e+01 3.0643e-03
-7.4087e+01 3.3877e-03
-7.3987e+01 3.6895e-03
-7.3887e+01 3.9478e-03
-7.3787e+01 4.1456e-03
-7.3687e+01 4.2718e-03
-7.3587e+01 4.3225e-03
-7.3487e+01 4.3006e-03
-7.3387e+01 4.2158e-03
-7.3287e+01 4.0828e-03
-7.3187e+01 3.9203e-03
-7.3087e+01 3.7489e-03
-7.2986e+01 3.5891e-03
-7.2886e+01 3.4592e-03
-7.2786e+01 3.3740e-03
-7.2686e+01 3.3435e-03
-7.2586e+01 3.3719e-03
-7.2486e+01 3.4578e-03
-7.2386e+01 3.5947e-03
-7.2286e+01 3.7716e-03
-7.2186e+01 3.9745e-03
-7.2086e+01 4.1881e-03
-7.1986e+01 4.3971e-03
-7.1886e+01 4.5883e-03
-7.1786e+01 4.7511e-03
-7.1686e+01 4.8791e-03
-7.1586e+01 4.9703e-03
-7.1486e+01 5.0271e-03
-7.1386e+01 5.0556e-03
-7.1286e+01 5.0650e-03
-7.1186e+01 5.0661e-03
-7.1086e+01 5.0699e-03
-7.0985e+01 5.0866e-03
-7.0885e+01 5.1240e-03
-7.0785e+01 5.1864e-03
-7.0685e+01 5.2746e-03
-7.0585e+01 5.3851e-03
-7.0485e+01 5.5111e-03
-7.0385e+01 5.6429e-03
-7.0285e+01 5.7692e-03
-7.0185e+01 5.8785e-03
-7.0085e+01 5.9607e-03
-6.9985e+01 6.0082e-03
-6.9885e+01 6.0176e-03
-6.9785e+01 5.9899e-03
-6.9685e+01 5.9314e-03
-6.9585e+01 5.8532e-03
-6.9485e+01 5.7703e-03
-6.9385e+01 5.7006e-03
-6.9285e+01 5.6631e-03
-6.9185e+01 5.6762e-03
-6.9085e+01 5.7553e-03
-6.8984e+01 5.9111e-03
-6.8884e+01 6.1484e-03
-6.8784e+01 6.4644e-03
-6.8684e+01 6.8487e-03
-6.8584e+01 7.2835e-03
-6.8484e+01 7.7444e-03
-6.8384e+01 8.2021e-03
-6.8284e+01 8.6248e-03
-6.8184e+01 8.9807e-03
-6.8084e+01 9.2410e-03
-6.7984e+01 9.3824e-03
-6.7884e+01 9.3898e-03
-6.7784e+01 9.2584e-03
-6.7684e+01 8.9945e-03
-6.7584e+01 8.6164e-03
-6.7484e+01 8.1531e-03
-6.7384e+01 7.6434e-03
-6.7284e+01 7.1329e-03
-6.7184e+01 6.6707e-03
-6.7084e+01 6.3063e-03
-6.6983e+01 6.0850e-03
-6.6883e+01 6.0441e-03
-6.6783e+01 6.2095e-03
-6.6683e+01 6.5932e-03
-6.6583e+01 7.1909e-03
-6.6483e+01 7.9817e-03
-6.6383e+01 8.9285e-03
-6.6283e+01 9.9801e-03
-6.6183e+01 1.1074e-02
-6.6083e+01 1.2141e-02
-6.5983e+01 1.3110e-02
-6.5883e+01 1.3912e-02
-6.5783e+01 1.4486e-02
-6.5683e+01 1.4787e-02
-6.5583e+01 1.4785e-02
-6.5483e+01 1.4473e-02
-6.5383e+01 1.3862e-02
-6.5283e+01 1.2992e-02
-6.5183e+01 1.1918e-02
-6.5083e+01 1.0715e-02
-6.4982e+01 9.4740e-03
-6.4882e+01 8.2895e-03
-6.4782e+01 7.2593e-03
-6.4682e+01 6.4749e-03
-6.4582e+01 6.0153e-03
-6.4482e+01 5.9407e-03
-6.4382e+01 6.2874e-03
-6.4282e+01 7.0645e-03
-6.4182e+01 8.2514e-03
-6.4082e+01 9.7986e-03
-6.3982e+01 1.1630e-02
-6.3882e+01 1.3645e-02
-6.3782e+01 1.5727e-02
-6.3682e+01 1.7751e-02
-6.3582e+01 1.9589e-02
-6.3482e+01 2.1119e-02
-6.3382e+01 2.2236e-02
-6.3282e+01 2.2858e-02
-6.3182e+01 2.2933e-02
-6.3082e+01 2.2441e-02
-6.2981e+01 2.1403e-02
-6.2881e+01 1.9873e-02
-6.2781e+01 1.7942e-02
-6.2681e+01 1.5730e-02
-6.2581e+01 1.3382e-02
-6.2481e+01 1.1055e-02
-6.2381e+01 8.9149e-03
-6.2281e+01 7.1183e-03
-6.2181e+01 5.8081e-03
-6.2081e+01 5.1013e-03
-6.1981e+01 5.0809e-03
-6.1881e+01 5.7894e-03
-6.1781e+01 7.2251e-03
-6.1681e+01 9.3401e-03
-6.1581e+01 1.2042e-02
-6.1481e+01 1.5200e-02
-6.1381e+01 1.8648e-02
-6.1281e+01 2.2196e-02
-6.1181e+01 2.5644e-02
-6.1081e+01 2.8788e-02
-6.0980e+01 3.1438e-02
-6.0880e+01 3.3427e-02
-6.0780e+01 3.4623e-02
-6.0680e+01 3.4937e-02
-6.0580e+01 3.4333e-02
-6.0480e+01 3.2828e-02
-6.0380e+01 3.0492e-02
-6.0280e+01 2.7452e-02
-6.0180e+01 2.3878e-02
-6.0080e+01 1.9977e-02
-5.9980e+01 1.5985e-02
-5.9880e+01 1.2150e-02
-5.9780e+01 8.7161e-03
-5.9680e+01 5.9153e-03
-5.9580e+01 3.9479e-03
-5.9480e+01 2.9720e-03
-5.9380e+01 3.0935e-03
-5.9280e+01 4.3577e-03
-5.9180e+01 6.7455e-03
-5.9080e+01 1.0173e-02
-5.8979e+01 1.4494e-02
-5.8879e+01 1.9508e-02
-5.8779e+01 2.4969e-02
-5.8679e+01 3.0598e-02
-5.8579e+01 3.6099e-02
-5.8479e+01 4.1177e-02
-5.8379e+01 4.5550e-02
-5.8279e+01 4.8969e-02
-5.8179e+01 5.1231e-02
-5.8079e+01 5.2193e-02
-5.7979e+01 5.1778e-02
-5.7879e+01 4.9984e-02
-5.7779e+01 4.6886e-02
-5.7679e+01 4.2631e-02
-5.7579e+01 3.7433e-02
-5.7479e+01 3.1563e-02
-5.7379e+01 2.5336e-02
-5.7279e+01 1.9095e-02
-5.7179e+01 1.3191e-02
-5.7079e+01 7.9678e-03
-5.6978e+01 3.7398e-03
-5.6878e+01 7.7772e-04
-5.6778e+01 -7.0798e-04
-5.6678e+01 -5.7955e-04
-5.6578e+01 1.2196e-03
-5.6478e+01 4.6600e-03
-5.6378e+01 9.6263e-03
-5.6278e+01 1.5921e-02
-5.6178e+01 2.3275e-02
-5.6078e+01 3.1355e-02
-5.5978e+01 3.9787e-02
-5.5878e+01 4.8167e-02
-5.5778e+01 5.6089e-02
-5.5678e+01 6.3156e-02
-5.5578e+01 6.9010e-02
-5.5478e+01 7.3345e-02
-5.5378e+01 7.5924e-02
-5.5278e+01 7.6594e-02
-5.5178e+01 7.5293e-02
-5.5078e+01 7.2057e-02
-5.4977e+01 6.7019e-02
-5.4877e+01 6.0401e-02
-5.4777e+01 5.2512e-02
-5.4677e+01 4.3725e-02
-5.4577e+01 3.4467e-02
-5.4477e+01 2.5198e-02
-5.4377e+01 1.6385e-02
-5.4277e+01 8.4849e-03
-5.4177e+01 1.9186e-03
-5.4077e+01 -2.9477e-03
-5.3977e+01 -5.8218e-03
-5.3877e+01 -6.5003e-03
-5.3777e+01 -4.8794e-03
-5.3677e+01 -9.6160e-04
-5.3577e+01 5.1429e-03
-5.3477e+01 1.3220e-02
-5.3377e+01 2.2959e-02
-5.3277e+01 3.3968e-02
-5.3177e+01 4.5790e-02
-5.3077e+01 5.7920e-02
-5.2976e+01 6.9831e-02
-5.2876e+01 8.1000e-02
-5.2776e+01 9.0924e-02
-5.2676e+01 9.9152e-02
-5.2576e+01 1.0530e-01
-5.2476e+01 1.0907e-01
-5.2376e+01 1.1027e-01
-5.2276e+01 1.0882e-01
-5.2176e+01 1.0475e-01
-5.2076e+01 9.8210e-02
-5.1976e+01 8.9464e-02
-5.1876e+01 7.8877e-02
-5.1776e+01 6.6898e-02
-5.1676e+01 5.4046e-02
-5.1576e+01 4.0886e-02
-5.1476e+01 2.8003e-02
-5.1376e+01 1.5982e-02
-5.1276e+01 5.3778e-03
-5.1176e+01 -3.3050e-03
-5.1076e+01 -9.6375e-03
-5.0975e+01 -1.3284e-02
-5.0875e+01 -1.4016e-02
-5.0775e+01 -1.1725e-02
-5.0675e+01 -6.4284e-03
-5.0575e+01 1.7322e-03
-5.0475e+01 1.2494e-02
-5.0375e+01 2.5483e-02
-5.0275e+01 4.0229e-02
-5.0175e+01 5.6183e-02
-5.0075e+01 7.2739e-02
-4.9975e+01 8.9260e-02
-4.9875e+01 1.0510e-01
-4.9775e+01 1.1964e-01
-4.9675e+01 1.3230e-01
-4.9575e+01 1.4256e-01
-4.9475e+01 1.5001e-01
-4.9375e+01 1.5433e-01
-4.9275e+01 1.5532e-01
-4.9175e+01 1.5293e-01
-4.9075e+01 1.4721e-01
-4.8974e+01 1.3837e-01
-4.8874e+01 1.2673e-01
-4.8774e+01 1.1273e-01
-4.8674e+01 9.6891e-02
-4.8574e+01 7.9827e-02
-4.8474e+01 6.2198e-02
-4.8374e+01 4.4695e-02
-4.8274e+01 2.8011e-02
-4.8174e+01 1.2814e-02
-4.8074e+01 -2.7421e-04
-4.7974e+01 -1.0708e-02
-4.7874e+01 -1.8032e-02
-4.7774e+01 -2.1906e-02
-4.7674e+01 -2.2110e-02
-4.7574e+01 -1.8560e-02
-4.7474e+01 -1.1307e-02
-4.7374e+01 -5.4021e-04
-4.7274e+01 1.3424e-02
-4.7174e+01 3.0150e-02
-4.7074e+01 4.9099e-02
-4.6973e+01 6.9647e-02
-4.6873e+01 9.1110e-02
-4.6773e+01 1.1276e-01
-4.6673e+01 1.3387e-01
-4.6573e+01 1.5371e-01
-4.6473e+01 1.7160e-01
-4.6373e+01 1.8692e-01
-4.6273e+01 1.9914e-01
-4.6173e+01 2.0783e-01
-4.6073e+01 2.1267e-01
-4.5973e+01 2.1349e-01
-4.5873e+01 2.1025e-01
-4.5773e+01 2.0303e-01
-4.5673e+01 1.9208e-01
-4.5573e+01 1.7775e-01
-4.5473e+01 1.6052e-01
-4.5373e+01 1.4097e-01
-4.5273e+01 1.1974e-01
-4.5173e+01 9.7571e-02
-4.5073e+01 7.5199e-02
-4.4972e+01 5.3394e-02
-4.4872e+01 3.2904e-02
-4.4772e+01 1.4438e-02
-4.4672e+01 -1.3545e-03
-4.4572e+01 -1.3910e-02
-4.4472e+01 -2.2765e-02
-4.4372e+01 -2.7574e-02
-4.4272e+01 -2.8117e-02
-4.4172e+01 -2.4310e-02
-4.4072e+01 -1.6207e-02
-4.3972e+01 -3.9956e-03
-4.3872e+01 1.2006e-02
-4.3772e+01 3.1361e-02
-4.3672e+01 5.3527e-02
-4.3572e+01 7.7873e-02
-4.3472e+01 1.0370e-01
-4.3372e+01 1.3026e-01
-4.3272e+01 1.5678e-01
-4.3172e+01 1.8248e-01
-4.3072e+01 2.0663e-01
-4.2971e+01 2.2852e-01
-4.2871e+01 2.4751e-01
-4.2771e+01 2.6305e-01
-4.2671e+01 2.7468e-01
-4.2571e+01 2.8209e-01
-4.2471e+01 2.8504e-01
-4.2371e+01 2.8347e-01
-4.2271e+01 2.7743e-01
-4.2171e+01 2.6710e-01
-4.2071e+01 2.5278e-01
-4.1971e+01 2.3490e-01
-4.1871e+01 2.1397e-01
-4.1771e+01 1.9062e-01
-4.1671e+01 1.6551e-01
-4.1571e+01 1.3938e-01
-4.1471e+01 1.1299e-01
-4.1371e+01 8.7092e-02
-4.1271e+01 6.2447e-02
-4.1171e+01 3.9767e-02
-4.1071e+01 1.9714e-02
-4.0970e+01 2.8752e-03
-4.0870e+01 -1.0248e-02
-4.0770e+01 -1.9258e-02
-4.0670e+01 -2.3868e-02
-4.0570e+01 -2.3908e-02
-4.0470e+01 -1.9334e-02
-4.0370e+01 -1.0221e-02
-4.0270e+01 3.2328e-03
-4.0170e+01 2.0717e-02
-4.0070e+01 4.1817e-02
-3.9970e+01 6.6024e-02
-3.9870e+01 9.2751e-02
-3.9770e+01 1.2135e-01
-3.9670e+01 1.5112e-01
-3.9570e+01 1.8134e-01
-3.9470e+01 2.1127e-01
-3.9370e+01 2.4020e-01
-3.9270e+01 2.6744e-01
-3.9170e+01 2.9233e-01
-3.9070e+01 3.1429e-01
-3.8969e+01 3.3281e-01
-3.8869e+01 3.4747e-01
-3.8769e+01 3.5794e-01
-3.8669e+01 3.6400e-01
-3.8569e+01 3.6555e-01
-3.8469e+01 3.6257e-01
-3.8369e+01 3.5519e-01
-3.8269e+01 3.4360e-01
-3.8169e+01 3.2813e-01
-3.8069e+01 3.0918e-01
-3.7969e+01 2.8722e-01
-3.7869e+01 2.6282e-01
-3.7769e+01 2.3657e-01
-3.7669e+01 2.0912e-01
-3.7569e+01 1.8114e-01
-3.7469e+01 1.5329e-01
-3.7369e+01 1.2624e-01
-3.7269e+01 1.0064e-01
-3.7169e+01 7.7090e-02
-3.7069e+01 5.6137e-02
-3.6968e+01 3.8273e-02
-3.6868e+01 2.3916e-02
-3.6768e+01 1.3399e-02
-3.6668e+01 6.9680e-03
-3.6568e+01 4.7786e-03
-3.6468e+01 6.8902e-03
-3.6368e+01 1.3269e-02
-3.6268e+01 2.3788e-02
-3.6168e+01 3.8234e-02
-3.6068e+01 5.6310e-02
-3.5968e+01 7.7647e-02
-3.5868e+01 1.0181e-01
-3.5768e+01 1.2831e-01
-3.5668e+01 1.5661e-01
-3.5568e+01 1.8615e-01
-3.5468e+01 2.1634e-01
-3.5368e+01 2.4660e-01
-3.5268e+01 2.7634e-01
-3.5168e+01 3.0500e-01
-3.5068e+01 3.3204e-01
-3.4967e+01 3.5697e-01
-3.4867e+01 3.7933e-01
-3.4767e+01 3.9875e-01
-3.4667e+01 4.1490e-01
-3.4567e+01 4.2751e-01
-3.4467e+01 4.3642e-01
-3.4367e+01 4.4152e-01
-3.4267e+01 4.4277e-01
-3.4167e+01 4.4023e-01
-3.4067e+01 4.3401e-01
-3.3967e+01 4.2430e-01
-3.3867e+01 4.1136e-01
-3.3767e+01 3.9549e-01
-3.3667e+01 3.7706e-01
-3.3567e+01 3.5646e-01
-3.3467e+01 3.3413e-01
-3.3367e+01 3.1054e-01
-3.3267e+01 2.8616e-01
-3.3167e+01 2.6148e-01
-3.3067e+01 2.3697e-01
-3.2966e+01 2.1310e-01
-3.2866e+01 1.9032e-01
-3.2766e+01 1.6905e-01
-3.2666e+01 1.4968e-01
-3.2566e+01 1.3254e-01
-3.2466e+01 1.1793e-01
-3.2366e+01 1.0609e-01
-3.2266e+01 9.7225e-02
-3.2166e+01 9.1461e-02
-3.2066e+01 8.8877e-02
-3.1966e+01 8.9494e-02
-3.1866e+01 9.3278e-02
-3.1766e+01 1.0014e-01
-3.1666e+01 1.0994e-01
-3.1566e+01 1.2249e-01
-3.1466e+01 1.3757e-01
-3.1366e+01 1.5490e-01
-3.1266e+01 1.7420e-01
-3.1166e+01 1.9513e-01
-3.1066e+01 2.1736e-01
-3.0965e+01 2.4053e-01
-3.0865e+01 2.6429e-01
-3.0765e+01 2.8826e-01
-3.0665e+01 3.1209e-01
-3.0565e+01 3.3545e-01
-3.0465e+01 3.5800e-01
-3.0365e+01 3.7944e-01
-3.0265e+01 3.9949e-01
-3.0165e+01 4.1790e-01
-3.0065e+01 4.3447e-01
-2.9965e+01 4.4900e-01
-2.9865e+01 4.6137e-01
-2.9765e+01 4.7147e-01
-2.9665e+01 4.7923e-01
-2.9565e+01 4.8464e-01
-2.9465e+01 4.8770e-01
-2.9365e+01 4.8846e-01
-2.9265e+01 4.8701e-01
-2.9165e+01 4.8347e-01
-2.9065e+01 4.7798e-01
-2.8964e+01 4.7070e-01
-2.8864e+01 4.6183e-01
-2.8764e+01 4.5158e-01
-2.8664e+01 4.4017e-01
-2.8564e+01 4.2783e-01
-2.8464e+01 4.1481e-01
-2.8364e+01 4.0135e-01
-2.8264e+01 3.8767e-01
-2.8164e+01 3.7402e-01
-2.8064e+01 3.6062e-01
-2.7964e+01 3.4769e-01
-2.7864e+01 3.3541e-01
-2.7764e+01 3.2396e-01
-2.7664e+01 3.1351e-01
-2.7564e+01 3.0420e-01
-2.7464e+01 2.9612e-01
-2.7364e+01 2.8939e-01
-2.7264e+01 2.8406e-01
-2.7164e+01 2.8018e-01
-2.7064e+01 2.7776e-01
-2.6963e+01 2.7679e-01
-2.6863e+01 2.7727e-01
-2.6763e+01 2.7912e-01
-2.6663e+01 2.8230e-01
-2.6563e+01 2.8670e-01
-2.6463e+01 2.9224e-01
-2.6363e+01 2.9880e-01
-2.6263e+01 3.0625e-01
-2.6163e+01 3.1446e-01
-2.6063e+01 3.2329e-01
-2.5963e+01 3.3260e-01
-2.5863e+01 3.4224e-01
-2.5763e+01 3.5208e-01
-2.5663e+01 3.6197e-01
-2.5563e+01 3.7177e-01
-2.5463e+01 3.8136e-01
-2.5363e+01 3.9063e-01
-2.5263e+01 3.9946e-01
-2.5163e+01 4.0776e-01
-2.5063e+01 4.1545e-01
-2.4962e+01 4.2246e-01
-2.4862e+01 4.2874e-01
-2.4762e+01 4.3424e-01
-2.4662e+01 4.3894e-01
-2.4562e+01 4.4284e-01
-2.4462e+01 4.4595e-01
-2.4362e+01 4.4827e-01
-2.4262e+01 4.4985e-01
-2.4162e+01 4.5073e-01
-2.4062e+01 4.5097e-01
-2.3962e+01 4.5065e-01
-2.3862e+01 4.4983e-01
-2.3762e+01 4.4860e-01
-2.3662e+01 4.4705e-01
-2.3562e+01 4.4529e-01
-2.3462e+01 4.4340e-01
-2.3362e+01 4.4150e-01
-2.3262e+01 4.3968e-01
-2.3162e+01 4.3804e-01
-2.3062e+01 4.3667e-01
-2.2961e+01 4.3568e-01
-2.2861e+01 4.3514e-01
-2.2761e+01 4.3514e-01
-2.2661e+01 4.3575e-01
-2.2561e+01 4.3702e-01
-2.2461e+01 4.3903e-01
-2.2361e+01 4.4179e-01
-2.2261e+01 4.4536e-01
-2.2161e+01 4.4975e-01
-2.2061e+01 4.5497e-01
-2.1961e+01 4.6101e-01
-2.1861e+01 4.6786e-01
-2.1761e+01 4.7550e-01
-2.1661e+01 4.8388e-01
-2.1561e+01 4.9297e-01
-2.1461e+01 5.0270e-01
-2.1361e+01 5.1300e-01
-2.1261e+01 5.2380e-01
-2.1161e+01 5.3501e-01
-2.1061e+01 5.4654e-01
-2.0960e+01 5.5830e-01
-2.0860e+01 5.7017e-01
-2.0760e+01 5.8206e-01
-2.0660e+01 5.9386e-01
-2.0560e+01 6.0544e-01
-2.0460e+01 6.1671e-01
-2.0360e+01 6.2755e-01
-2.0260e+01 6.3784e-01
-2.0160e+01 6.4749e-01
-2.0060e+01 6.5639e-01
-1.9960e+01 6.6444e-01
-1.9860e+01 6.7154e-01
-1.9760e+01 6.7761e-01
-1.9660e+01 6.8256e-01
-1.9560e+01 6.8633e-01
-1.9460e+01 6.8885e-01
-1.9360e+01 6.9006e-01
-1.9260e+01 6.8993e-01
-1.9160e+01 6.8840e-01
-1.9060e+01 6.8546e-01
-1.8959e+01 6.8109e-01
-1.8859e+01 6.7528e-01
-1.8759e+01 6.6804e-01
-1.8659e+01 6.5938e-01
-1.8559e+01 6.4932e-01
-1.8459e+01 6.3791e-01
-1.8359e+01 6.2517e-01
-1.8259e+01 6.1117e-01
-1.8159e+01 5.9596e-01
-1.8059e+01 5.7962e-01
-1.7959e+01 5.6222e-01
-1.7859e+01 5.4383e-01
-1.7759e+01 5.2456e-01
-1.7659e+01 5.0450e-01
-1.7559e+01 4.8374e-01
-1.7459e+01 4.6239e-01
-1.7359e+01 4.4057e-01
-1.7259e+01 4.1836e-01
-1.7159e+01 3.9590e-01
-1.7059e+01 3.7329e-01
-1.6958e+01 3.5065e-01
-1.6858e+01 3.2809e-01
-1.6758e+01 3.0572e-01
-1.6658e+01 2.8366e-01
-1.6558e+01 2.6200e-01
-1.6458e+01 2.4087e-01
-1.6358e+01 2.2035e-01
-1.6258e+01 2.0055e-01
-1.6158e+01 1.8157e-01
-1.6058e+01 1.6349e-01
-1.5958e+01 1.4638e-01
-1.5858e+01 1.3035e-01
-1.5758e+01 1.1544e-01
-1.5658e+01 1.0173e-01
-1.5558e+01 8.9279e-02
-1.5458e+01 7.8134e-02
-1.5358e+01 6.8341e-02
-1.5258e+01 5.9937e-02
-1.5158e+01 5.2953e-02
-1.5058e+01 4.7412e-02
-1.4957e+01 4.3329e-02
-1.4857e+01 4.0712e-02
-1.4757e+01 3.9565e-02
-1.4657e+01 3.9881e-02
-1.4557e+01 4.1650e-02
-1.4457e+01 4.4852e-02
-1.4357e+01 4.9463e-02
-1.4257e+01 5.5453e-02
-1.4157e+01 6.2785e-02
-1.4057e+01 7.1419e-02
-1.3957e+01 8.1306e-02
-1.3857e+01 9.2396e-02
-1.3757e+01 1.0463e-01
-1.3657e+01 1.1796e-01
-1.3557e+01 1.3230e-01
-1.3457e+01 1.4760e-01
-1.3357e+01 1.6379e-01
-1.3257e+01 1.8080e-01
-1.3157e+01 1.9854e-01
-1.3057e+01 2.1694e-01
-1.2956e+01 2.3593e-01
-1.2856e+01 2.5543e-01
-1.2756e+01 2.7535e-01
-1.2656e+01 2.9562e-01
-1.2556e+01 3.1615e-01
-1.2456e+01 3.3687e-01
-1.2356e+01 3.5770e-01
-1.2256e+01 3.7856e-01
-1.2156e+01 3.9937e-01
-1.2056e+01 4.2006e-01
-1.1956e+01 4.4055e-01
-1.1856e+01 4.6077e-01
-1.1756e+01 4.8066e-01
-1.1656e+01 5.0014e-01
-1.1556e+01 5.1915e-01
-1.1456e+01 5.3762e-01
-1.1356e+01 5.5551e-01
-1.1256e+01 5.7274e-01
-1.1156e+01 5.8928e-01
-1.1056e+01 6.0506e-01
-1.0955e+01 6.2005e-01
-1.0855e+01 6.3420e-01
-1.0755e+01 6.4746e-01
-1.0655e+01 6.5981e-01
-1.0555e+01 6.7121e-01
-1.0455e+01 6.8162e-01
-1.0355e+01 6.9103e-01
-1.0255e+01 6.9941e-01
-1.0155e+01 7.0674e-01
-1.0055e+01 7.1301e-01
-9.9550e+00 7.1820e-01
-9.8549e+00 7.2229e-01
-9.7549e+00 7.2529e-01
-9.6548e+00 7.2720e-01
-9.5548e+00 7.2800e-01
-9.4547e+00 7.2770e-01
-9.3547e+00 7.2632e-01
-9.2546e+00 7.2384e-01
-9.1546e+00 7.2029e-01
-9.0545e+00 7.1567e-01
-8.9545e+00 7.1001e-01
-8.8544e+00 7.0331e-01
-8.7544e+00 6.9560e-01
-8.6543e+00 6.8690e-01
-8.5543e+00 6.7722e-01
-8.4542e+00 6.6660e-01
-8.3542e+00 6.5505e-01
-8.2541e+00 6.4262e-01
-8.1541e+00 6.2931e-01
-8.0540e+00 6.1517e-01
-7.9540e+00 6.0022e-01
-7.8539e+00 5.8450e-01
-7.7539e+00 5.6804e-01
-7.6538e+00 5.5086e-01
-7.5538e+00 5.3301e-01
-7.4537e+00 5.1452e-01
-7.3537e+00 4.9542e-01
-7.2536e+00 4.7575e-01
-7.1536e+00 4.5553e-01
-7.0535e+00 4.3482e-01
-6.9535e+00 4.1364e-01
-6.8534e+00 3.9202e-01
-6.7534e+00 3.7001e-01
-6.6533e+00 3.4764e-01
-6.5533e+00 3.2493e-01
-6.4532e+00 3.0193e-01
-6.3532e+00 2.7867e-01
-6.2531e+00 2.5519e-01
-6.1531e+00 2.3150e-01
-6.0530e+00 2.0766e-01
-5.9530e+00 1.8368e-01
-5.8529e+00 1.5961e-01
-5.7529e+00 1.3547e-01
-5.6528e+00 1.1128e-01
-5.5528e+00 8.7089e-02
-5.4527e+00 6.2913e-02
-5.3527e+00 3.8784e-02
-5.2526e+00 1.4727e-02
-5.1526e+00 -9.2321e-03
-5.0525e+00 -3.3067e-02
-4.9525e+00 -5.6753e-02
-4.8524e+00 -8.0268e-02
-4.7524e+00 -1.0359e-01
-4.6523e+00 -1.2669e-01
-4.5523e+00 -1.4955e-01
-4.4522e+00 -1.7216e-01
-4.3522e+00 -1.9449e-01
-4.2521e+00 -2.1652e-01
-4.1521e+00 -2.3823e-01
-4.0520e+00 -2.5962e-01
-3.9520e+00 -2.8065e-01
-3.8519e+00 -3.0132e-01
-3.7519e+00 -3.2161e-01
-3.6518e+00 -3.4150e-01
-3.5518e+00 -3.6099e-01
-3.4517e+00 -3.8005e-01
-3.3517e+00 -3.9868e-01
-3.2516e+00 -4.1687e-01
-3.1516e+00 -4.3460e-01
-3.0515e+00 -4.5186e-01
-2.9515e+00 -4.6865e-01
-2.8514e+00 -4.8495e-01
-2.7514e+00 -5.0076e-01
-2.6513e+00 -5.1606e-01
-2.5513e+00 -5.3085e-01
-2.4512e+00 -5.4512e-01
-2.3512e+00 -5.5887e-01
-2.2511e+00 -5.7209e-01
-2.1511e+00 -5.8477e-01
-2.0510e+00 -5.9690e-01
-1.9510e+00 -6.0849e-01
-1.8509e+00 -6.1953e-01
-1.7509e+00 -6.3000e-01
-1.6508e+00 -6.3992e-01
-1.5508e+00 -6.4927e-01
-1.4507e+00 -6.5805e-01
-1.3507e+00 -6.6626e-01
-1.2506e+00 -6.7390e-01
-1.1506e+00 -6.8095e-01
-1.0505e+00 -6.8743e-01
-9.5048e-01 -6.9332e-01
-8.5043e-01 -6.9863e-01
-7.5038e-01 -7.0336e-01
-6.5033e-01 -7.0750e-01
-5.5028e-01 -7.1105e-01
-4.5023e-01 -7.1400e-01
-3.5018e-01 -7.1637e-01
-2.5013e-01 -7.1815e-01
-1.5008e-01 -7.1933e-01
-5.0025e-02 -7.1993e-01
5.0025e-02 -7.1993e-01
1.5008e-01 -7.1933e-01
2.5013e-01 -7.1815e-01
3.5018e-01 -7.1637e-01
4.5023e-01 -7.1400e-01
5.5028e-01 -7.1105e-01
6.5033e-01 -7.0750e-01
7.5038e-01 -7.0336e-01
8.5043e-01 -6.9863e-01
9.5048e-01 -6.9332e-01
1.0505e+00 -6.8743e-01
1.1506e+00 -6.8095e-01
1.2506e+00 -6.7390e-01
1.3507e+00 -6.6626e-01
1.4507e+00 -6.5805e-01
1.5508e+00 -6.4927e-01
1.6508e+00 -6.3992e-01
1.7509e+00 -6.3000e-01
1.8509e+00 -6.1953e-01
1.9510e+00 -6.0849e-01
2.0510e+00 -5.9690e-01
2.1511e+00 -5.8477e-01
2.2511e+00 -5.7209e-01
2.3512e+00 -5.5887e-01
2.4512e+00 -5.4512e-01
2.5513e+00 -5.3085e-01
2.6513e+00 -5.1606e-01
2.7514e+00 -5.0076e-01
2.8514e+00 -4.8495e-01
2.9515e+00 -4.6865e-01
3.0515e+00 -4.5186e-01
3.1516e+00 -4.3460e-01
3.2516e+00 -4.1687e-01
3.3517e+00 -3.9868e-01
3.4517e+00 -3.8005e-01
3.5518e+00 -3.6099e-01
3.6518e+00 -3.4150e-01
3.7519e+00 -3.2161e-01
3.8519e+00 -3.0132e-01
3.9520e+00 -2.8065e-01
4.0520e+00 -2.5962e-01
4.1521e+00 -2.3823e-01
4.2521e+00 -2.1652e-01
4.3522e+00 -1.9449e-01
4.4522e+00 -1.7216e-01
4.5523e+00 -1.4955e-01
4.6523e+00 -1.2669e-01
4.7524e+00 -1.0359e-01
4.8524e+00 -8.0268e-02
4.9525e+00 -5.6753e-02
5.0525e+00 -3.3067e-02
5.1526e+00 -9.2321e-03
5.2526e+00 1.4727e-02
5.3527e+00 3.8784e-02
5.4527e+00 6.2913e-02
5.5528e+00 8.7089e-02
5.6528e+00 1.1128e-01
5.7529e+00 1.3547e-01
5.8529e+00 1.5961e-01
5.9530e+00 1.8368e-01
6.0530e+00 2.0766e-01
6.1531e+00 2.3150e-01
6.2531e+00 2.5519e-01
6.3532e+00 2.7867e-01
6.4532e+00 3.0193e-01
6.5533e+00 3.2493e-01
6.6533e+00 3.4764e-01
6.7534e+00 3.7001e-01
6.8534e+00 3.9202e-01
6.9535e+00 4.1364e-01
7.0535e+00 4.3482e-01
7.1536e+00 4.5553e-01
7.2536e+00 4.7575e-01
7.3537e+00 4.9542e-01
7.4537e+00 5.1452e-01
7.5538e+00 5.3301e-01
7.6538e+00 5.5086e-01
7.7539e+00 5.6804e-01
7.8539e+00 5.8450e-01
7.9540e+00 6.0022e-01
8.0540e+00 6.1517e-01
8.1541e+00 6.2931e-01
8.2541e+00 6.4262e-01
8.3542e+00 6.5505e-01
8.4542e+00 6.6660e-01
8.5543e+00 6.7722e-01
8.6543e+00 6.8690e-01
8.7544e+00 6.9560e-01
8.8544e+00 7.0331e-01
8.9545e+00 7.1001e-01
9.0545e+00 7.1567e-01
9.1546e+00 7.2029e-01
9.2546e+00 7.2384e-01
9.3547e+00 7.2632e-01
9.4547e+00 7.2770e-01
9.5548e+00 7.2800e-01
9.6548e+00 7.2720e-01
9.7549e+00 7.2529e-01
9.8549e+00 7.2229e-01
9.9550e+00 7.1820e-01
1.0055e+01 7.1301e-01
1.0155e+01 7.0674e-01
1.0255e+01 6.9941e-01
1.0355e+01 6.9103e-01
1.0455e+01 6.8162e-01
1.0555e+01 6.7121e-01
1.0655e+01 6.5981e-01
1.0755e+01 6.4746e-01
1.0855e+01 6.3420e-01
1.0955e+01 6.2005e-01
1.1056e+01 6.0506e-01
1.1156e+01 5.8928e-01
1.1256e+01 5.7274e-01
1.1356e+01 5.5551e-01
1.1456e+01 5.3762e-01
1.1556e+01 5.1915e-01
1.1656e+01 5.0014e-01
1.1756e+01 4.8066e-01
1.1856e+01 4.6077e-01
1.1956e+01 4.4055e-01
1.2056e+01 4.2006e-01
1.2156e+01 3.9937e-01
1.2256e+01 3.7856e-01
1.2356e+01 3.5770e-01
1.2456e+01 3.3687e-01
1.2556e+01 3.1615e-01
1.2656e+01 2.9562e-01
1.2756e+01 2.7535e-01
1.2856e+01 2.5543e-01
1.2956e+01 2.3593e-01
1.3057e+01 2.1694e-01
1.3157e+01 1.9854e-01
1.3257e+01 1.8080e-01
1.3357e+01 1.6379e-01
1.3457e+01 1.4760e-01
1.3557e+01 1.3230e-01
1.3657e+01 1.1796e-01
1.3757e+01 1.0463e-01
1.3857e+01 9.2396e-02
1.3957e+01 8.1306e-02
1.4057e+01 7.1419e-02
1.4157e+01 6.2785e-02
1.4257e+01 5.5453e-02
1.4357e+01 4.9463e-02
1.4457e+01 4.4852e-02
1.4557e+01 4.1650e-02
1.4657e+01 3.9881e-02
1.4757e+01 3.9565e-02
1.4857e+01 4.0712e-02
1.4957e+01 4.3329e-02
1.5058e+01 4.7412e-02
1.5158e+01 5.2953e-02
1.5258e+01 5.9937e-02
1.5358e+01 6.8341e-02
1.5458e+01 7.8134e-02
1.5558e+01 8.9279e-02
1.5658e+01 1.0173e-01
1.5758e+01 1.1544e-01
1.5858e+01 1.3035e-01
1.5958e+01 1.4638e-01
1.6058e+01 1.6349e-01
1.6158e+01 1.8157e-01
1.6258e+01 2.0055e-01
1.6358e+01 2.2035e-01
1.6458e+01 2.4087e-01
1.6558e+01 2.6200e-01
1.6658e+01 2.8366e-01
1.6758e+01 3.0572e-01
1.6858e+01 3.2809e-01
1.6958e+01 3.5065e-01
1.7059e+01 3.7329e-01
1.7159e+01 3.9590e-01
1.7259e+01 4.1836e-01
1.7359e+01 4.4057e-01
1.7459e+01 4.6239e-01
1.7559e+01 4.8374e-01
1.7659e+01 5.0450e-01
1.7759e+01 5.2456e-01
1.7859e+01 5.4383e-01
1.7959e+01 5.6222e-01
1.8059e+01 5.7962e-01
1.8159e+01 5.9596e-01
1.8259e+01 6.1117e-01
1.8359e+01 6.2517e-01
1.8459e+01 6.3791e-01
1.8559e+01 6.4932e-01
1.8659e+01 6.5938e-01
1.8759e+01 6.6804e-01
1.8859e+01 6.7528e-01
1.8959e+01 6.8109e-01
1.9060e+01 6.8546e-01
1.9160e+01 6.8840e-01
1.9260e+01 6.8993e-01
1.9360e+01 6.9006e-01
1.9460e+01 6.8885e-01
1.9560e+01 6.8633e-01
1.9660e+01 6.8256e-01
1.9760e+01 6.7761e-01
1.9860e+01 6.7154e-01
1.9960e+01 6.6444e-01
2.0060e+01 6.5639e-01
2.0160e+01 6.4749e-01
2.0260e+01 6.3784e-01
2.0360e+01 6.2755e-01
2.0460e+01 6.1671e-01
2.0560e+01 6.0544e-01
2.0660e+01 5.9386e-01
2.0760e+01 5.8206e-01
2.0860e+01 5.7017e-01
2.0960e+01 5.5830e-01
2.1061e+01 5.4654e-01
2.1161e+01 5.3501e-01
2.1261e+01 5.2380e-01
2.1361e+01 5.1300e-01
2.1461e+01 5.0270e-01
2.1561e+01 4.9297e-01
2.1661e+01 4.8388e-01
2.1761e+01 4.7550e-01
2.1861e+01 4.6786e-01
2.1961e+01 4.6101e-01
2.2061e+01 4.5497e-01
2.2161e+01 4.4975e-01
2.2261e+01 4.4536e-01
2.2361e+01 4.4179e-01
2.2461e+01 4.3903e-01
2.2561e+01 4.3702e-01
2.2661e+01 4.3575e-01
2.2761e+01 4.3514e-01
2.2861e+01 4.3514e-01
2.2961e+01 4.3568e-01
2.3062e+01 4.3667e-01
2.3162e+01 4.3804e-01
2.3262e+01 4.3968e-01
2.3362e+01 4.4150e-01
2.3462e+01 4.4340e-01
2.3562e+01 4.4529e-01
2.3662e+01 4.4705e-01
2.3762e+01 4.4860e-01
2.3862e+01 4.4983e-01
2.3962e+01 4.5065e-01
2.4062e+01 4.5097e-01
2.4162e+01 4.5073e-01
2.4262e+01 4.4985e-01
2.4362e+01 4.4827e-01
2.4462e+01 4.4595e-01
2.4562e+01 4.4284e-01
2.4662e+01 4.3894e-01
2.4762e+01 4.3424e-01
2.4862e+01 4.2874e-01
2.4962e+01 4.2246e-01
2.5063e+01 4.1545e-01
2.5163e+01 4.0776e-01
2.5263e+01 3.9946e-01
2.5363e+01 3.9063e-01
2.5463e+01 3.8136e-01
2.5563e+01 3.7177e-01
2.5663e+01 3.6197e-01
2.5763e+01 3.5208e-01
2.5863e+01 3.4224e-01
2.5963e+01 3.3260e-01
2.6063e+01 3.2329e-01
2.6163e+01 3.1446e-01
2.6263e+01 3.0625e-01
2.6363e+01 2.9880e-01
2.6463e+01 2.9224e-01
2.6563e+01 2.8670e-01
2.6663e+01 2.8230e-01
2.6763e+01 2.7912e-01
2.6863e+01 2.7727e-01
2.6963e+01 2.7679e-01
2.7064e+01 2.7776e-01
2.7164e+01 2.8018e-01
2.7264e+01 2.8406e-01
2.7364e+01 2.8939e-01
2.7464e+01 2.9612e-01
2.7564e+01 3.0420e-01
2.7664e+01 3.1351e-01
2.7764e+01 3.2396e-01
2.7864e+01 3.3541e-01
2.7964e+01 3.4769e-01
2.8064e+01 3.6062e-01
2.8164e+01 3.7402e-01
2.8264e+01 3.8767e-01
2.8364e+01 4.0135e-01
2.8464e+01 4.1481e-01
2.8564e+01 4.2783e-01
2.8664e+01 4.4017e-01
2.8764e+01 4.5158e-01
2.8864e+01 4.6183e-01
2.8964e+01 4.7070e-01
2.9065e+01 4.7798e-01
2.9165e+01 4.8347e-01
2.9265e+01 4.8701e-01
2.9365e+01 4.8846e-01
2.9465e+01 4.8770e-01
2.9565e+01 4.8464e-01
2.9665e+01 4.7923e-01
2.9765e+01 4.7147e-01
2.9865e+01 4.6137e-01
2.9965e+01 4.4900e-01
3.0065e+01 4.3447e-01
3.0165e+01 4.1790e-01
3.0265e+01 3.9949e-01
3.0365e+01 3.7944e-01
3.0465e+01 3.5800e-01
3.0565e+01 3.3545e-01
3.0665e+01 3.1209e-01
3.0765e+01 2.8826e-01
3.0865e+01 2.6429e-01
3.0965e+01 2.4053e-01
3.1066e+01 2.1736e-01
3.1166e+01 1.9513e-01
3.1266e+01 1.7420e-01
3.1366e+01 1.5490e-01
3.1466e+01 1.3757e-01
3.1566e+01 1.2249e-01
3.1666e+01 1.0994e-01
3.1766e+01 1.0014e-01
3.1866e+01 9.3278e-02
3.1966e+01 8.9494e-02
3.2066e+01 8.8877e-02
3.2166e+01 9.1461e-02
3.2266e+01 9.7225e-02
3.2366e+01 1.0609e-01
3.2466e+01 1.1793e-01
3.2566e+01 1.3254e-01
3.2666e+01 1.4968e-01
3.2766e+01 1.6905e-01
3.2866e+01 1.9032e-01
3.2966e+01 2.1310e-01
3.3067e+01 2.3697e-01
3.3167e+01 2.6148e-01
3.3267e+01 2.8616e-01
3.3367e+01 3.1054e-01
3.3467e+01 3.3413e-01
3.3567e+01 3.5646e-01
3.3667e+01 3.7706e-01
3.3767e+01 3.9549e-01
3.3867e+01 4.1136e-01
3.3967e+01 4.2430e-01
3.4067e+01 4.3401e-01
3.4167e+01 4.4023e-01
3.4267e+01 4.4277e-01
3.4367e+01 4.4152e-01
3.4467e+01 4.3642e-01
3.4567e+01 4.2751e-01
3.4667e+01 4.1490e-01
3.4767e+01 3.9875e-01
3.4867e+01 3.7933e-01
3.4967e+01 3.5697e-01
3.5068e+01 3.3204e-01
3.5168e+01 3.0500e-01
3.5268e+01 2.7634e-01
3.5368e+01 2.4660e-01
3.5468e+01 2.1634e-01
3.5568e+01 1.8615e-01
3.5668e+01 1.5661e-01
3.5768e+01 1.2831e-01
3.5868e+01 1.0181e-01
3.5968e+01 7.7647e-02
3.6068e+01 5.6310e-02
3.6168e+01 3.8234e-02
3.6268e+01 2.3788e-02
3.6368e+01 1.3269e-02
3.6468e+01 6.8902e-03
3.6568e+01 4.7786e-03
3.6668e+01 6.9680e-03
3.6768e+01 1.3399e-02
3.6868e+01 2.3916e-02
3.6968e+01 3.8273e-02
3.7069e+01 5.6137e-02
3.7169e+01 7.7090e-02
3.7269e+01 1.0064e-01
3.7369e+01 1.2624e-01
3.7469e+01 1.5329e-01
3.7569e+01 1.8114e-01
3.7669e+01 2.0912e-01
3.7769e+01 2.3657e-01
3.7869e+01 2.6282e-01
3.7969e+01 2.8722e-01
3.8069e+01 3.0918e-01
3.8169e+01 3.2813e-01
3.8269e+01 3.4360e-01
3.8369e+01 3.5519e-01
3.8469e+01 3.6257e-01
3.8569e+01 3.6555e-01
3.8669e+01 3.6400e-01
3.8769e+01 3.5794e-01
3.8869e+01 3.4747e-01
3.8969e+01 3.3281e-01
3.9070e+01 3.1429e-01
3.9170e+01 2.9233e-01
3.9270e+01 2.6744e-01
3.9370e+01 2.4020e-01
3.9470e+01 2.1127e-01
3.9570e+01 1.8134e-01
3.9670e+01 1.5112e-01
3.9770e+01 1.2135e-01
3.9870e+01 9.2751e-02
3.9970e+01 6.6024e-02
4.0070e+01 4.1817e-02
4.0170e+01 2.0717e-02
4.0270e+01 3.2328e-03
4.0370e+01 -1.0221e-02
4.0470e+01 -1.9334e-02
4.0570e+01 -2.3908e-02
4.0670e+01 -2.3868e-02
4.0770e+01 -1.9258e-02
4.0870e+01 -1.0248e-02
4.0970e+01 2.8752e-03
4.1071e+01 1.9714e-02
4.1171e+01 3.9767e-02
4.1271e+01 6.2447e-02
4.1371e+01 8.7092e-02
4.1471e+01 1.1299e-01
4.1571e+01 1.3938e-01
4.1671e+01 1.6551e-01
4.1771e+01 1.9062e-01
4.1871e+01 2.1397e-01
4.1971e+01 2.3490e-01
4.2071e+01 2.5278e-01
4.2171e+01 2.6710e-01
4.2271e+01 2.7743e-01
4.2371e+01 2.8347e-01
4.2471e+01 2.8504e-01
4.2571e+01 2.8209e-01
4.2671e+01 2.7468e-01
4.2771e+01 2.6305e-01
4.2871e+01 2.4751e-01
4.2971e+01 2.2852e-01
4.3072e+01 2.0663e-01
4.3172e+01 1.8248e-01
4.3272e+01 1.5678e-01
4.3372e+01 1.3026e-01
4.3472e+01 1.0370e-01
4.3572e+01 7.7873e-02
4.3672e+01 5.3527e-02
4.3772e+01 3.1361e-02
4.3872e+01 1.2006e-02
4.3972e+01 -3.9956e-03
4.4072e+01 -1.6207e-02
4.4172e+01 -2.4310e-02
4.4272e+01 -2.8117e-02
4.4372e+01 -2.7574e-02
4.4472e+01 -2.2765e-02
4.4572e+01 -1.3910e-02
4.4672e+01 -1.3545e-03
4.4772e+01 1.4438e-02
4.4872e+01 3.2904e-02
4.4972e+01 5.3394e-02
4.5073e+01 7.5199e-02
4.5173e+01 9.7571e-02
4.5273e+01 1.1974e-01
4.5373e+01 1.4097e-01
4.5473e+01 1.6052e-01
4.5573e+01 1.7775e-01
4.5673e+01 1.9208e-01
4.5773e+01 2.0303e-01
4.5873e+01 2.1025e-01
4.5973e+01 2.1349e-01
4.6073e+01 2.1267e-01
4.6173e+01 2.0783e-01
4.6273e+01 1.9914e-01
4.6373e+01 1.8692e-01
4.6473e+01 1.7160e-01
4.6573e+01 1.5371e-01
4.6673e+01 1.3387e-01
4.6773e+01 1.1276e-01
4.6873e+01 9.1110e-02
4.6973e+01 6.9647e-02
4.7074e+01 4.9099e-02
4.7174e+01 3.0150e-02
4.7274e+01 1.3424e-02
4.7374e+01 -5.4021e-04
4.7474e+01 -1.1307e-02
4.7574e+01 -1.8560e-02
4.7674e+01 -2.2110e-02
4.7774e+01 -2.1906e-02
4.7874e+01 -1.8032e-02
4.7974e+01 -1.0708e-02
4.8074e+01 -2.7421e-04
4.8174e+01 1.2814e-02
4.8274e+01 2.8011e-02
4.8374e+01 4.4695e-02
4.8474e+01 6.2198e-02
4.8574e+01 7.9827e-02
4.8674e+01 9.6891e-02
4.8774e+01 1.1273e-01
4.8874e+01 1.2673e-01
4.8974e+01 1.3837e-01
4.9075e+01 1.4721e-01
4.9175e+01 1.5293e-01
4.9275e+01 1.5532e-01
4.9375e+01 1.5433e-01
4.9475e+01 1.5001e-01
4.9575e+01 1.4256e-01
4.9675e+01 1.3230e-01
4.9775e+01 1.1964e-01
4.9875e+01 1.0510e-01
4.9975e+01 8.9260e-02
5.0075e+01 7.2739e-02
5.0175e+01 5.6183e-02
5.0275e+01 4.0229e-02
5.0375e+01 2.5483e-02
5.0475e+01 1.2494e-02
5.0575e+01 1.7322e-03
5.0675e+01 -6.4284e-03
5.0775e+01 -1.1725e-02
5.0875e+01 -1.4016e-02
5.0975e+01 -1.3284e-02
5.1076e+01 -9.6375e-03
5.1176e+01 -3.3050e-03
5.1276e+01 5.3778e-03
5.1376e+01 1.5982e-02
5.1476e+01 2.8003e-02
5.1576e+01 4.0886e-02
5.1676e+01 5.4046e-02
5.1776e+01 6.6898e-02
5.1876e+01 7.8877e-02
5.1976e+01 8.9464e-02
5.2076e+01 9.8210e-02
5.2176e+01 1.0475e-01
5.2276e+01 1.0882e-01
5.2376e+01 1.1027e-01
5.2476e+01 1.0907e-01
5.2576e+01 1.0530e-01
5.2676e+01 9.9152e-02
5.2776e+01 9.0924e-02
5.2876e+01 8.1000e-02
5.2976e+01 6.9831e-02
5.3077e+01 5.7920e-02
5.3177e+01 4.5790e-02
5.3277e+01 3.3968e-02
5.3377e+01 2.2959e-02
5.3477e+01 1.3220e-02
5.3577e+01 5.1429e-03
5.3677e+01 -9.6160e-04
5.3777e+01 -4.8794e-03
5.3877e+01 -6.5003e-03
5.3977e+01 -5.8218e-03
5.4077e+01 -2.9477e-03
5.4177e+01 1.9186e-03
5.4277e+01 8.4849e-03
5.4377e+01 1.6385e-02
5.4477e+01 2.5198e-02
5.4577e+01 3.4467e-02
5.4677e+01 4.3725e-02
5.4777e+01 5.2512e-02
5.4877e+01 6.0401e-02
5.4977e+01 6.7019e-02
5.5078e+01 7.2057e-02
5.5178e+01 7.5293e-02
5.5278e+01 7.6594e-02
5.5378e+01 7.5924e-02
5.5478e+01 7.3345e-02
5.5578e+01 6.9010e-02
5.5678e+01 6.3156e-02
5.5778e+01 5.6089e-02
5.5878e+01 4.8167e-02
5.5978e+01 3.9787e-02
5.6078e+01 3.1355e-02
5.6178e+01 2.3275e-02
5.6278e+01 1.5921e-02
5.6378e+01 9.6263e-03
5.6478e+01 4.6600e-03
5.6578e+01 1.2196e-03
5.6678e+01 -5.7955e-04
5.6778e+01 -7.0798e-04
5.6878e+01 7.7772e-04
5.6978e+01 3.7398e-03
5.7079e+01 7.9678e-03
5.7179e+01 1.3191e-02
5.7279e+01 1.9095e-02
5.7379e+01 2.5336e-02
5.7479e+01 3.1563e-02
5.7579e+01 3.7433e-02
5.7679e+01 4.2631e-02
5.7779e+01 4.6886e-02
5.7879e+01 4.9984e-02
5.7979e+01 5.1778e-02
5.8079e+01 5.2193e-02
5.8179e+01 5.1231e-02
5.8279e+01 4.8969e-02
5.8379e+01 4.5550e-02
5.8479e+01 4.1177e-02
5.8579e+01 3.6099e-02
5.8679e+01 3.0598e-02
5.8779e+01 2.4969e-02
5.8879e+01 1.9508e-02
5.8979e+01 1.4494e-02
5.9080e+01 1.0173e-02
5.9180e+01 6.7455e-03
5.9280e+01 4.3577e-03
5.9380e+01 3.0935e-03
5.9480e+01 2.9720e-03
5.9580e+01 3.9479e-03
5.9680e+01 5.9153e-03
5.9780e+01 8.7161e-03
5.9880e+01 1.2150e-02
5.9980e+01 1.5985e-02
6.0080e+01 1.9977e-02
6.0180e+01 2.3878e-02
6.0280e+01 2.7452e-02
6.0380e+01 3.0492e-02
6.0480e+01 3.2828e-02
6.0580e+01 3.4333e-02
6.0680e+01 3.4937e-02
6.0780e+01 3.4623e-02
6.0880e+01 3.3427e-02
6.0980e+01 3.1438e-02
6.1081e+01 2.8788e-02
6.1181e+01 2.5644e-02
6.1281e+01 2.2196e-02
6.1381e+01 1.8648e-02
6.1481e+01 1.5200e-02
6.1581e+01 1.2042e-02
6.1681e+01 9.3401e-03
6.1781e+01 7.2251e-03
6.1881e+01 5.7894e-03
6.1981e+01 5.0809e-03
6.2081e+01 5.1013e-03
6.2181e+01 5.8081e-03
6.2281e+01 7.1183e-03
6.2381e+01 8.9149e-03
6.2481e+01 1.1055e-02
6.2581e+01 1.3382e-02
6.2681e+01 1.5730e-02
6.2781e+01 1.7942e-02
6.2881e+01 1.9873e-02
6.2981e+01 2.1403e-02
6.3082e+01 2.2441e-02
6.3182e+01 2.2933e-02
6.3282e+01 2.2858e-02
6.3382e+01 2.2236e-02
6.3482e+01 2.1119e-02
6.3582e+01 1.9589e-02
6.3682e+01 1.7751e-02
6.3782e+01 1.5727e-02
6.3882e+01 1.3645e-02
6.3982e+01 1.1630e-02
6.4082e+01 9.7986e-03
6.4182e+01 8.2514e-03
6.4282e+01 7.0645e-03
6.4382e+01 6.2874e-03
6.4482e+01 5.9407e-03
6.4582e+01 6.0153e-03
6.4682e+01 6.4749e-03
6.4782e+01 7.2593e-03
6.4882e+01 8.2895e-03
6.4982e+01 9.4740e-03
6.5083e+01 1.0715e-02
6.5183e+01 1.1918e-02
6.5283e+01 1.2992e-02
6.5383e+01 1.3862e-02
6.5483e+01 1.4473e-02
6.5583e+01 1.4785e-02
6.5683e+01 1.4787e-02
6.5783e+01 1.4486e-02
6.5883e+01 1.3912e-02
6.5983e+01 1.3110e-02
6.6083e+01 1.2141e-02
6.6183e+01 1.1074e-02
6.6283e+01 9.9801e-03
6.6383e+01 8.9285e-03
6.6483e+01 7.9817e-03
6.6583e+01 7.1909e-03
6.6683e+01 6.5932e-03
6.6783e+01 6.2095e-03
6.6883e+01 6.0441e-03
6.6983e+01 6.0850e-03
6.7084e+01 6.3063e-03
6.7184e+01 6.6707e-03
6.7284e+01 7.1329e-03
6.7384e+01 7.6434e-03
6.7484e+01 8.1531e-03
6.7584e+01 8.6164e-03
6.7684e+01 8.9945e-03
6.7784e+01 9.2584e-03
6.7884e+01 9.3898e-03
6.7984e+01 9.3824e-03
6.8084e+01 9.2410e-03
6.8184e+01 8.9807e-03
6.8284e+01 8.6248e-03
6.8384e+01 8.2021e-03
6.8484e+01 7.7444e-03
6.8584e+01 7.2835e-03
6.8684e+01 6.8487e-03
6.8784e+01 6.4644e-03
6.8884e+01 6.1484e-03
6.8984e+01 5.9111e-03
6.9085e+01 5.7553e-03
6.9185e+01 5.6762e-03
6.9285e+01 5.6631e-03
6.9385e+01 5.7006e-03
6.9485e+01 5.7703e-03
6.9585e+01 5.8532e-03
6.9685e+01 5.9314e-03
6.9785e+01 5.9899e-03
6.9885e+01 6.0176e-03
6.9985e+01 6.0082e-03
7.0085e+01 5.9607e-03
7.0185e+01 5.8785e-03
7.0285e+01 5.7692e-03
7.0385e+01 5.6429e-03
7.0485e+01 5.5111e-03
7.0585e+01 5.3851e-03
7.0685e+01 5.2746e-03
7.0785e+01 5.1864e-03
7.0885e+01 5.1240e-03
7.0985e+01 5.0866e-03
7.1086e+01 5.0699e-03
7.1186e+01 5.0661e-03
7.1286e+01 5.0650e-03
7.1386e+01 5.0556e-03
7.1486e+01 5.0271e-03
7.1586e+01 4.9703e-03
7.1686e+01 4.8791e-03
7.1786e+01 4.7511e-03
7.1886e+01 4.5883e-03
7.1986e+01 4.3971e-03
7.2086e+01 4.1881e-03
7.2186e+01 3.9745e-03
7.2286e+01 3.7716e-03
7.2386e+01 3.5947e-03
7.2486e+01 3.4578e-03
7.2586e+01 3.3719e-03
7.2686e+01 3.3435e-03
7.2786e+01 3.3740e-03
7.2886e+01 3.4592e-03
7.2986e+01 3.5891e-03
7.3087e+01 3.7489e-03
7.3187e+01 3.9203e-03
7.3287e+01 4.0828e-03
7.3387e+01 4.2158e-03
7.3487e+01 4.3006e-03
7.3587e+01 4.3225e-03
7.3687e+01 4.2718e-03
7.3787e+01 4.1456e-03
7.3887e+01 3.9478e-03
7.3987e+01 3.6895e-03
7.4087e+01 3.3877e-03
7.4187e+01 3.0643e-03
7.4287e+01 2.7437e-03
7.4387e+01 2.4511e-03
7.4487e+01 2.2098e-03
7.4587e+01 2.0392e-03
7.4687e+01 1.9523e-03
7.4787e+01 1.9551e-03
7.4887e+01 2.0452e-03
7.4987e+01 2.2123e-03
7.5088e+01 2.4383e-03
7.5188e+01 2.6999e-03
7.5288e+01 2.9696e-03
7.5388e+01 3.2188e-03
7.5488e+01 3.4206e-03
7.5588e+01 3.5517e-03
7.5688e+01 3.5956e-03
7.5788e+01 3.5434e-03
7.5888e+01 3.3953e-03
7.5988e+01 3.1606e-03
7.6088e+01 2.8568e-03
7.6188e+01 2.5083e-03
7.6288e+01 2.1439e-03
7.6388e+01 1.7943e-03
7.6488e+01 1.4893e-03
7.6588e+01 1.2544e-03
7.6688e+01 1.1091e-03
7.6788e+01 1.0642e-03
7.6888e+01 1.1215e-03
7.6988e+01 1.2725e-03
7.7089e+01 1.5004e-03
7.7189e+01 1.7804e-03
7.7289e+01 2.0829e-03
7.7389e+01 2.3762e-03
7.7489e+01 2.6291e-03
7.7589e+01 2.8145e-03
7.7689e+01 2.9117e-03
7.7789e+01 2.9085e-03
7.7889e+01 2.8025e-03
7.7989e+01 2.6015e-03
7.8089e+01 2.3224e-03
7.8189e+01 1.9899e-03
7.8289e+01 1.6339e-03
7.8389e+01 1.2866e-03
7.8489e+01 9.7939e-04
7.8589e+01 7.3968e-04
7.8689e+01 5.8822e-04
7.8789e+01 5.3699e-04
7.8889e+01 5.8804e-04
7.8989e+01 7.3331e-04
7.9090e+01 9.5540e-04
7.9190e+01 1.2294e-03
7.9290e+01 1.5252e-03
7.9390e+01 1.8108e-03
7.9490e+01 2.0556e-03
7.9590e+01 2.2328e-03
7.9690e+01 2.3232e-03
7.9790e+01 2.3160e-03
7.9890e+01 2.2107e-03
7.9990e+01 2.0167e-03
8.0090e+01 1.7524e-03
8.0190e+01 1.4432e-03
8.0290e+01 1.1191e-03
8.0390e+01 8.1127e-04
8.0490e+01 5.4898e-04
8.0590e+01 3.5668e-04
8.0690e+01 2.5139e-04
8.0790e+01 2.4101e-04
8.0890e+01 3.2358e-04
8.0990e+01 4.8754e-04
8.1091e+01 7.1299e-04
8.1191e+01 9.7388e-04
8.1291e+01 1.2407e-03
8.1391e+01 1.4837e-03
8.1491e+01 1.6761e-03
8.1591e+01 1.7964e-03
8.1691e+01 1.8314e-03
8.1791e+01 1.7768e-03
8.1891e+01 1.6380e-03
8.1991e+01 1.4293e-03
8.2091e+01 1.1721e-03
8.2191e+01 8.9300e-04
8.2291e+01 6.2045e-04
8.2391e+01 3.8188e-04
8.2491e+01 2.0076e-04
8.2591e+01 9.4078e-05
8.2691e+01 7.0589e-05
8.2791e+01 1.2996e-04
8.2891e+01 2.6293e-04
8.2991e+01 4.5238e-04
8.3092e+01 6.7534e-04
8.3192e+01 9.0555e-04
8.3292e+01 1.1164e-03
8.3392e+01 1.2837e-03
8.3492e+01 1.3885e-03
8.3592e+01 1.4192e-03
8.3692e+01 1.3724e-03
8.3792e+01 1.2533e-03
8.3892e+01 1.0751e-03
8.3992e+01 8.5748e-04
8.4092e+01 6.2400e-04
8.4192e+01 3.9973e-04
8.4292e+01 2.0828e-04
8.4392e+01 6.9201e-05
8.4492e+01 -4.1459e-06
8.4592e+01 -6.0167e-06
8.4692e+01 6.1198e-05
8.4792e+01 1.8736e-04
8.4892e+01 3.5587e-04
8.4992e+01 5.4563e-04
8.5093e+01 7.3355e-04
8.5193e+01 8.9716e-04
8.5293e+01 1.0173e-03
8.5393e+01 1.0800e-03
8.5493e+01 1.0783e-03
8.5593e+01 1.0127e-03
8.5693e+01 8.9126e-04
8.5793e+01 7.2812e-04
8.5893e+01 5.4208e-04
8.5993e+01 3.5424e-04
8.6093e+01 1.8549e-04
8.6193e+01 5.4097e-05
8.6293e+01 -2.6407e-05
8.6393e+01 -4.8701e-05
8.6493e+01 -1.2429e-05
8.6593e+01 7.5886e-05
8.6693e+01 2.0374e-04
8.6793e+01 3.5426e-04
8.6893e+01 5.0823e-04
8.6993e+01 6.4649e-04
8.7094e+01 7.5215e-04
8.7194e+01 8.1261e-04
8.7294e+01 8.2095e-04
8.7394e+01 7.7663e-04
8.7494e+01 6.8547e-04
8.7594e+01 5.5879e-04
8.7694e+01 4.1196e-04
8.7794e+01 2.6242e-04
8.7894e+01 1.2756e-04
8.7994e+01 2.2596e-05
8.8094e+01 -4.1219e-05
8.8194e+01 -5.7900e-05
8.8294e+01 -2.7340e-05
8.8394e+01 4.4803e-05
8.8494e+01 1.4792e-04
8.8594e+01 2.6788e-04
8.8694e+01 3.8880e-04
8.8794e+01 4.9512e-04
8.8894e+01 5.7343e-04
8.8994e+01 6.1417e-04
8.9095e+01 6.1266e-04
8.9195e+01 5.6962e-04
8.9295e+01 4.9092e-04
8.9395e+01 3.8677e-04
8.9495e+01 2.7030e-04
8.9595e+01 1.5586e-04
8.9695e+01 5.7205e-05
8.9795e+01 -1.4262e-05
8.9895e+01 -5.0847e-05
8.9995e+01 -4.9462e-05
9.0095e+01 -1.1904e-05
9.0195e+01 5.5489e-05
9.0295e+01 1.4276e-04
9.0395e+01 2.3769e-04
9.0495e+01 3.2740e-04
9.0595e+01 4.0006e-04
9.0695e+01 4.4634e-04
9.0795e+01 4.6057e-04
9.0895e+01 4.4138e-04
9.0995e+01 3.9176e-04
9.1096e+01 3.1857e-04
9.1196e+01 2.3154e-04
9.1296e+01 1.4194e-04
9.1396e+01 6.1072e-05
9.1496e+01 -1.2108e-06
9.1596e+01 -3.7765e-05
9.1696e+01 -4.5012e-05
9.1796e+01 -2.3320e-05
9.1896e+01 2.3148e-05
9.1996e+01 8.7088e-05
9.2096e+01 1.5910e-04
9.2196e+01 2.2901e-04
9.2296e+01 2.8719e-04
9.2396e+01 3.2591e-04
9.2496e+01 3.4022e-04
9.2596e+01 3.2863e-04
9.2696e+01 2.9314e-04
9.2796e+01 2.3890e-04
9.2896e+01 1.7346e-04
9.2996e+01 1.0564e-04
9.3097e+01 4.4313e-05
9.3197e+01 -2.7672e-06
9.3297e+01 -3.0024e-05
9.3397e+01 -3.4736e-05
9.3497e+01 -1.7326e-05
9.3597e+01 1.8781e-05
9.3697e+01 6.7718e-05
9.3797e+01 1.2205e-04
9.3897e+01 1.7383e-04
9.3997e+01 2.1573e-04
9.4097e+01 2.4202e-04
9.4197e+01 2.4929e-04
9.4297e+01 2.3691e-04
9.4397e+01 2.0696e-04
9.4497e+01 1.6395e-04
9.4597e+01 1.1401e-04
9.4697e+01 6.4099e-05
9.4797e+01 2.0910e-05
9.4897e+01 -9.9977e-06
9.4997e+01 -2.4972e-05
9.5098e+01 -2.2716e-05
9.5198e+01 -4.4005e-06
9.5298e+01 2.6580e-05
9.5398e+01 6.5156e-05
9.5498e+01 1.0535e-04
9.5598e+01 1.4117e-04
9.5698e+01 1.6744e-04
9.5798e+01 1.8053e-04
9.5898e+01 1.7882e-04
9.5998e+01 1.6288e-04
9.6098e+01 1.3528e-04
9.6198e+01 1.0021e-04
9.6298e+01 6.2777e-05
9.6398e+01 2.8273e-05
9.6498e+01 1.3762e-06
9.6598e+01 -1.4496e-05
9.6698e+01 -1.7642e-05
9.6798e+01 -8.2683e-06
9.6898e+01 1.1604e-05
9.6998e+01 3.8495e-05
9.7099e+01 6.8023e-05
9.7199e+01 9.5579e-05
9.7299e+01 1.1701e-04
9.7399e+01 1.2922e-04
9.7499e+01 1.3059e-04
9.7599e+01 1.2116e-04
9.7699e+01 1.0257e-04
9.7799e+01 7.7777e-05
9.7899e+01 5.0536e-05
9.7999e+01 2.4847e-05
9.8099e+01 4.3268e-06
9.8199e+01 -8.3079e-06
9.8299e+01 -1.1622e-05
9.8399e+01 -5.6309e-06
9.8499e+01 8.2533e-06
9.8599e+01 2.7484e-05
9.8699e+01 4.8805e-05
9.8799e+01 6.8768e-05
9.8899e+01 8.4267e-05
9.8999e+01 9.2992e-05
9.9100e+01 9.3755e-05
9.9200e+01 8.6632e-05
9.9300e+01 7.2903e-05
9.9400e+01 5.4812e-05
9.9500e+01 3.5191e-05
9.9600e+01 1.6994e-05
9.9700e+01 2.8489e-06
9.9800e+01 -5.3467e-06
9.9900e+01 -6.6853e-06
1.0000e+02 -1.3560e-06
