-1.0000e+02 4.4862e-08
-9.9900e+01 4.6021e-08
-9.9800e+01 4.7208e-08
-9.9700e+01 4.8425e-08
-9.9600e+01 4.9672e-08
-9.9500e+01 5.0950e-08
-9.9400e+01 5.2259e-08
-9.9300e+01 5.3601e-08
-9.9200e+01 5.4976e-08
-9.9100e+01 5.6385e-08
-9.8999e+01 5.7828e-08
-9.8899e+01 5.9307e-08
-9.8799e+01 6.0822e-08
-9.8699e+01 6.2374e-08
-9.8599e+01 6.3964e-08
-9.8499e+01 6.5593e-08
-9.8399e+01 6.7262e-08
-9.8299e+01 6.8972e-08
-9.8199e+01 7.0723e-08
-9.8099e+01 7.2517e-08
-9.7999e+01 7.4354e-08
-9.7899e+01 7.6237e-08
-9.7799e+01 7.8165e-08
-9.7699e+01 8.0139e-08
-9.7599e+01 8.2162e-08
-9.7499e+01 8.4233e-08
-9.7399e+01 8.6355e-08
-9.7299e+01 8.8528e-08
-9.7199e+01 9.0753e-08
-9.7099e+01 9.3032e-08
-9.6998e+01 9.5365e-08
-9.6898e+01 9.7755e-08
-9.6798e+01 1.0020e-07
-9.6698e+01 1.0271e-07
-9.6598e+01 1.0527e-07
-9.6498e+01 1.0790e-07
-9.6398e+01 1.1059e-07
-9.6298e+01 1.1334e-07
-9.6198e+01 1.1616e-07
-9.6098e+01 1.1905e-07
-9.5998e+01 1.2201e-07
-9.5898e+01 1.2503e-07
-9.5798e+01 1.2813e-07
-9.5698e+01 1.3130e-07
-9.5598e+01 1.3455e-07
-9.5498e+01 1.3787e-07
-9.5398e+01 1.4127e-07
-9.5298e+01 1.4476e-07
-9.5198e+01 1.4832e-07
-9.5098e+01 1.5197e-07
-9.4997e+01 1.5570e-07
-9.4897e+01 1.5952e-07
-9.4797e+01 1.6344e-07
-9.4697e+01 1.6744e-07
-9.4597e+01 1.7154e-07
-9.4497e+01 1.7573e-07
-9.4397e+01 1.8002e-07
-9.4297e+01 1.8441e-07
-9.4197e+01 1.8890e-07
-9.4097e+01 1.9350e-07
-9.3997e+01 1.9821e-07
-9.3897e+01 2.0302e-07
-9.3797e+01 2.0795e-07
-9.3697e+01 2.1299e-07
-9.3597e+01 2.1814e-07
-9.3497e+01 2.2342e-07
-9.3397e+01 2.2882e-07
-9.3297e+01 2.3434e-07
-9.3197e+01 2.3999e-07
-9.3097e+01 2.4577e-07
-9.2996e+01 2.5168e-07
-9.2896e+01 2.5773e-07
-9.2796e+01 2.6392e-07
-9.2696e+01 2.7025e-07
-9.2596e+01 2.7672e-07
-9.2496e+01 2.8335e-07
-9.2396e+01 2.9012e-07
-9.2296e+01 2.9705e-07
-9.2196e+01 3.0413e-07
-9.2096e+01 3.1138e-07
-9.1996e+01 3.1879e-07
-9.1896e+01 3.2637e-07
-9.1796e+01 3.3412e-07
-9.1696e+01 3.4205e-07
-9.1596e+01 3.5016e-07
-9.1496e+01 3.5845e-07
-9.1396e+01 3.6692e-07
-9.1296e+01 3.7559e-07
-9.1196e+01 3.8445e-07
-9.1096e+01 3.9351e-07
-9.0995e+01 4.0278e-07
-9.0895e+01 4.1225e-07
-9.0795e+01 4.2194e-07
-9.0695e+01 4.3184e-07
-9.0595e+01 4.4197e-07
-9.0495e+01 4.5232e-07
-9.0395e+01 4.6290e-07
-9.0295e+01 4.7371e-07
-9.0195e+01 4.8477e-07
-9.0095e+01 4.9607e-07
-8.9995e+01 5.0763e-07
-8.9895e+01 5.1944e-07
-8.9795e+01 5.3151e-07
-8.9695e+01 5.4384e-07
-8.9595e+01 5.5645e-07
-8.9495e+01 5.6934e-07
-8.9395e+01 5.8252e-07
-8.9295e+01 5.9598e-07
-8.9195e+01 6.0974e-07
-8.9095e+01 6.2380e-07
-8.8994e+01 6.3816e-07
-8.8894e+01 6.5285e-07
-8.8794e+01 6.6785e-07
-8.8694e+01 6.8318e-07
-8.8594e+01 6.9885e-07
-8.8494e+01 7.1486e-07
-8.8394e+01 7.3121e-07
-8.8294e+01 7.4792e-07
-8.8194e+01 7.6500e-07
-8.8094e+01 7.8244e-07
-8.7994e+01 8.0027e-07
-8.7894e+01 8.1847e-07
-8.7794e+01 8.3708e-07
-8.7694e+01 8.5608e-07
-8.7594e+01 8.7549e-07
-8.7494e+01 8.9532e-07
-8.7394e+01 9.1558e-07
-8.7294e+01 9.3627e-07
-8.7194e+01 9.5740e-07
-8.7094e+01 9.7899e-07
-8.6993e+01 1.0010e-06
-8.6893e+01 1.0236e-06
-8.6793e+01 1.0466e-06
-8.6693e+01 1.0700e-06
-8.6593e+01 1.0940e-06
-8.6493e+01 1.1185e-06
-8.6393e+01 1.1436e-06
-8.6293e+01 1.1691e-06
-8.6193e+01 1.1952e-06
-8.6093e+01 1.2218e-06
-8.5993e+01 1.2490e-06
-8.5893e+01 1.2768e-06
-8.5793e+01 1.3052e-06
-8.5693e+01 1.3342e-06
-8.5593e+01 1.3637e-06
-8.5493e+01 1.3939e-06
-8.5393e+01 1.4247e-06
-8.5293e+01 1.4562e-06
-8.5193e+01 1.4883e-06
-8.5093e+01 1.5211e-06
-8.4992e+01 1.5546e-06
-8.4892e+01 1.5888e-06
-8.4792e+01 1.6237e-06
-8.4692e+01 1.6593e-06
-8.4592e+01 1.6956e-06
-8.4492e+01 1.7327e-06
-8.4392e+01 1.7706e-06
-8.4292e+01 1.8093e-06
-8.4192e+01 1.8487e-06
-8.4092e+01 1.8890e-06
-8.3992e+01 1.9301e-06
-8.3892e+01 1.9720e-06
-8.3792e+01 2.0148e-06
-8.3692e+01 2.0585e-06
-8.3592e+01 2.1031e-06
-8.3492e+01 2.1485e-06
-8.3392e+01 2.1950e-06
-8.3292e+01 2.2423e-06
-8.3192e+01 2.2906e-06
-8.3092e+01 2.3399e-06
-8.2991e+01 2.3902e-06
-8.2891e+01 2.4416e-06
-8.2791e+01 2.4939e-06
-8.2691e+01 2.5474e-06
-8.2591e+01 2.6019e-06
-8.2491e+01 2.6575e-06
-8.2391e+01 2.7142e-06
-8.2291e+01 2.7721e-06
-8.2191e+01 2.8311e-06
-8.2091e+01 2.8913e-06
-8.1991e+01 2.9527e-06
-8.1891e+01 3.0154e-06
-8.1791e+01 3.0793e-06
-8.1691e+01 3.1445e-06
-8.1591e+01 3.2109e-06
-8.1491e+01 3.2787e-06
-8.1391e+01 3.3479e-06
-8.1291e+01 3.4184e-06
-8.1191e+01 3.4903e-06
-8.1091e+01 3.5637e-06
-8.0990e+01 3.6385e-06
-8.0890e+01 3.7147e-06
-8.0790e+01 3.7925e-06
-8.0690e+01 3.8718e-06
-8.0590e+01 3.9527e-06
-8.0490e+01 4.0351e-06
-8.0390e+01 4.1192e-06
-8.0290e+01 4.2049e-06
-8.0190e+01 4.2923e-06
-8.0090e+01 4.3814e-06
-7.9990e+01 4.4722e-06
-7.9890e+01 4.5648e-06
-7.9790e+01 4.6593e-06
-7.9690e+01 4.7555e-06
-7.9590e+01 4.8536e-06
-7.9490e+01 4.9536e-06
-7.9390e+01 5.0555e-06
-7.9290e+01 5.1595e-06
-7.9190e+01 5.2654e-06
-7.9090e+01 5.3733e-06
-7.8989e+01 5.4833e-06
-7.8889e+01 5.5955e-06
-7.8789e+01 5.7098e-06
-7.8689e+01 5.8263e-06
-7.8589e+01 5.9450e-06
-7.8489e+01 6.0659e-06
-7.8389e+01 6.1892e-06
-7.8289e+01 6.3149e-06
-7.8189e+01 6.4429e-06
-7.8089e+01 6.5733e-06
-7.7989e+01 6.7062e-06
-7.7889e+01 6.8417e-06
-7.7789e+01 6.9797e-06
-7.7689e+01 7.1203e-06
-7.7589e+01 7.2635e-06
-7.7489e+01 7.4095e-06
-7.7389e+01 7.5582e-06
-7.7289e+01 7.7097e-06
-7.7189e+01 7.8640e-06
-7.7089e+01 8.0212e-06
-7.6988e+01 8.1814e-06
-7.6888e+01 8.3445e-06
-7.6788e+01 8.5107e-06
-7.6688e+01 8.6800e-06
-7.6588e+01 8.8524e-06
-7.6488e+01 9.0280e-06
-7.6388e+01 9.2069e-06
-7.6288e+01 9.3891e-06
-7.6188e+01 9.5746e-06
-7.6088e+01 9.7636e-06
-7.5988e+01 9.9560e-06
-7.5888e+01 1.0152e-05
-7.5788e+01 1.0352e-05
-7.5688e+01 1.0555e-05
-7.5588e+01 1.0762e-05
-7.5488e+01 1.0973e-05
-7.5388e+01 1.1187e-05
-7.5288e+01 1.1406e-05
-7.5188e+01 1.1628e-05
-7.5088e+01 1.1855e-05
-7.4987e+01 1.2085e-05
-7.4887e+01 1.2320e-05
-7.4787e+01 1.2559e-05
-7.4687e+01 1.2803e-05
-7.4587e+01 1.3050e-05
-7.4487e+01 1.3303e-05
-7.4387e+01 1.3559e-05
-7.4287e+01 1.3821e-05
-7.4187e+01 1.4087e-05
-7.4087e+01 1.4358e-05
-7.3987e+01 1.4633e-05
-7.3887e+01 1.4914e-05
-7.3787e+01 1.5200e-05
-7.3687e+01 1.5490e-05
-7.3587e+01 1.5786e-05
-7.3487e+01 1.6087e-05
-7.3387e+01 1.6394e-05
-7.3287e+01 1.6706e-05
-7.3187e+01 1.7023e-05
-7.3087e+01 1.7346e-05
-7.2986e+01 1.7674e-05
-7.2886e+01 1.8009e-05
-7.2786e+01 1.8349e-05
-7.2686e+01 1.8695e-05
-7.2586e+01 1.9048e-05
-7.2486e+01 1.9406e-05
-7.2386e+01 1.9771e-05
-7.2286e+01 2.0142e-05
-7.2186e+01 2.0519e-05
-7.2086e+01 2.0903e-05
-7.1986e+01 2.1294e-05
-7.1886e+01 2.1692e-05
-7.1786e+01 2.2096e-05
-7.1686e+01 2.2507e-05
-7.1586e+01 2.2926e-05
-7.1486e+01 2.3351e-05
-7.1386e+01 2.3784e-05
-7.1286e+01 2.4224e-05
-7.1186e+01 2.4672e-05
-7.1086e+01 2.5128e-05
-7.0985e+01 2.5591e-05
-7.0885e+01 2.6062e-05
-7.0785e+01 2.6541e-05
-7.0685e+01 2.7028e-05
-7.0585e+01 2.7524e-05
-7.0485e+01 2.8028e-05
-7.0385e+01 2.8540e-05
-7.0285e+01 2.9061e-05
-7.0185e+01 2.9591e-05
-7.0085e+01 3.0130e-05
-6.9985e+01 3.0678e-05
-6.9885e+01 3.1235e-05
-6.9785e+01 3.1801e-05
-6.9685e+01 3.2377e-05
-6.9585e+01 3.2962e-05
-6.9485e+01 3.3557e-05
-6.9385e+01 3.4162e-05
-6.9285e+01 3.4777e-05
-6.9185e+01 3.5402e-05
-6.9085e+01 3.6038e-05
-6.8984e+01 3.6684e-05
-6.8884e+01 3.7341e-05
-6.8784e+01 3.8008e-05
-6.8684e+01 3.8687e-05
-6.8584e+01 3.9376e-05
-6.8484e+01 4.0077e-05
-6.8384e+01 4.0789e-05
-6.8284e+01 4.1513e-05
-6.8184e+01 4.2249e-05
-6.8084e+01 4.2997e-05
-6.7984e+01 4.3756e-05
-6.7884e+01 4.4529e-05
-6.7784e+01 4.5313e-05
-6.7684e+01 4.6111e-05
-6.7584e+01 4.6921e-05
-6.7484e+01 4.7744e-05
-6.7384e+01 4.8580e-05
-6.7284e+01 4.9430e-05
-6.7184e+01 5.0294e-05
-6.7084e+01 5.1171e-05
-6.6983e+01 5.2062e-05
-6.6883e+01 5.2967e-05
-6.6783e+01 5.3887e-05
-6.6683e+01 5.4822e-05
-6.6583e+01 5.5771e-05
-6.6483e+01 5.6735e-05
-6.6383e+01 5.7715e-05
-6.6283e+01 5.8710e-05
-6.6183e+01 5.9720e-05
-6.6083e+01 6.0747e-05
-6.5983e+01 6.1789e-05
-6.5883e+01 6.2848e-05
-6.5783e+01 6.3924e-05
-6.5683e+01 6.5016e-05
-6.5583e+01 6.6125e-05
-6.5483e+01 6.7251e-05
-6.5383e+01 6.8395e-05
-6.5283e+01 6.9557e-05
-6.5183e+01 7.0737e-05
-6.5083e+01 7.1934e-05
-6.4982e+01 7.3151e-05
-6.4882e+01 7.4386e-05
-6.4782e+01 7.5640e-05
-6.4682e+01 7.6913e-05
-6.4582e+01 7.8205e-05
-6.4482e+01 7.9518e-05
-6.4382e+01 8.0850e-05
-6.4282e+01 8.2203e-05
-6.4182e+01 8.3576e-05
-6.4082e+01 8.4970e-05
-6.3982e+01 8.6385e-05
-6.3882e+01 8.7821e-05
-6.3782e+01 8.9279e-05
-6.3682e+01 9.0759e-05
-6.3582e+01 9.2261e-05
-6.3482e+01 9.3786e-05
-6.3382e+01 9.5334e-05
-6.3282e+01 9.6904e-05
-6.3182e+01 9.8498e-05
-6.3082e+01 1.0012e-04
-6.2981e+01 1.0176e-04
-6.2881e+01 1.0342e-04
-6.2781e+01 1.0511e-04
-6.2681e+01 1.0683e-04
-6.2581e+01 1.0857e-04
-6.2481e+01 1.1034e-04
-6.2381e+01 1.1213e-04
-6.2281e+01 1.1395e-04
-6.2181e+01 1.1580e-04
-6.2081e+01 1.1767e-04
-6.1981e+01 1.1957e-04
-6.1881e+01 1.2149e-04
-6.1781e+01 1.2345e-04
-6.1681e+01 1.2543e-04
-6.1581e+01 1.2745e-04
-6.1481e+01 1.2949e-04
-6.1381e+01 1.3156e-04
-6.1281e+01 1.3366e-04
-6.1181e+01 1.3579e-04
-6.1081e+01 1.3795e-04
-6.0980e+01 1.4014e-04
-6.0880e+01 1.4237e-04
-6.0780e+01 1.4462e-04
-6.0680e+01 1.4691e-04
-6.0580e+01 1.4923e-04
-6.0480e+01 1.5158e-04
-6.0380e+01 1.5397e-04
-6.0280e+01 1.5638e-04
-6.0180e+01 1.5884e-04
-6.0080e+01 1.6133e-04
-5.9980e+01 1.6385e-04
-5.9880e+01 1.6641e-04
-5.9780e+01 1.6900e-04
-5.9680e+01 1.7163e-04
-5.9580e+01 1.7430e-04
-5.9480e+01 1.7700e-04
-5.9380e+01 1.7974e-04
-5.9280e+01 1.8252e-04
-5.9180e+01 1.8533e-04
-5.9080e+01 1.8819e-04
-5.8979e+01 1.9108e-04
-5.8879e+01 1.9402e-04
-5.8779e+01 1.9699e-04
-5.8679e+01 2.0001e-04
-5.8579e+01 2.0306e-04
-5.8479e+01 2.0616e-04
-5.8379e+01 2.0930e-04
-5.8279e+01 2.1248e-04
-5.8179e+01 2.1571e-04
-5.8079e+01 2.1898e-04
-5.7979e+01 2.2229e-04
-5.7879e+01 2.2565e-04
-5.7779e+01 2.2905e-04
-5.7679e+01 2.3250e-04
-5.7579e+01 2.3599e-04
-5.7479e+01 2.3953e-04
-5.7379e+01 2.4312e-04
-5.7279e+01 2.4675e-04
-5.7179e+01 2.5044e-04
-5.7079e+01 2.5417e-04
-5.6978e+01 2.5795e-04
-5.6878e+01 2.6178e-04
-5.6778e+01 2.6566e-04
-5.6678e+01 2.6959e-04
-5.6578e+01 2.7357e-04
-5.6478e+01 2.7761e-04
-5.6378e+01 2.8169e-04
-5.6278e+01 2.8583e-04
-5.6178e+01 2.9003e-04
-5.6078e+01 2.9428e-04
-5.5978e+01 2.9858e-04
-5.5878e+01 3.0294e-04
-5.5778e+01 3.0735e-04
-5.5678e+01 3.1182e-04
-5.5578e+01 3.1635e-04
-5.5478e+01 3.2093e-04
-5.5378e+01 3.2557e-04
-5.5278e+01 3.3028e-04
-5.5178e+01 3.3504e-04
-5.5078e+01 3.3986e-04
-5.4977e+01 3.4474e-04
-5.4877e+01 3.4969e-04
-5.4777e+01 3.5469e-04
-5.4677e+01 3.5976e-04
-5.4577e+01 3.6489e-04
-5.4477e+01 3.7009e-04
-5.4377e+01 3.7535e-04
-5.4277e+01 3.8067e-04
-5.4177e+01 3.8607e-04
-5.4077e+01 3.9152e-04
-5.3977e+01 3.9705e-04
-5.3877e+01 4.0264e-04
-5.3777e+01 4.0830e-04
-5.3677e+01 4.1404e-04
-5.3577e+01 4.1984e-04
-5.3477e+01 4.2571e-04
-5.3377e+01 4.3165e-04
-5.3277e+01 4.3767e-04
-5.3177e+01 4.4375e-04
-5.3077e+01 4.4991e-04
-5.2976e+01 4.5615e-04
-5.2876e+01 4.6246e-04
-5.2776e+01 4.6885e-04
-5.2676e+01 4.7531e-04
-5.2576e+01 4.8185e-04
-5.2476e+01 4.8846e-04
-5.2376e+01 4.9516e-04
-5.2276e+01 5.0193e-04
-5.2176e+01 5.0879e-04
-5.2076e+01 5.1572e-04
-5.1976e+01 5.2274e-04
-5.1876e+01 5.2984e-04
-5.1776e+01 5.3702e-04
-5.1676e+01 5.4428e-04
-5.1576e+01 5.5163e-04
-5.1476e+01 5.5907e-04
-5.1376e+01 5.6659e-04
-5.1276e+01 5.7420e-04
-5.1176e+01 5.8189e-04
-5.1076e+01 5.8968e-04
-5.0975e+01 5.9755e-04
-5.0875e+01 6.0551e-04
-5.0775e+01 6.1357e-04
-5.0675e+01 6.2171e-04
-5.0575e+01 6.2995e-04
-5.0475e+01 6.3828e-04
-5.0375e+01 6.4670e-04
-5.0275e+01 6.5522e-04
-5.0175e+01 6.6384e-04
-5.0075e+01 6.7255e-04
-4.9975e+01 6.8136e-04
-4.9875e+01 6.9027e-04
-4.9775e+01 6.9927e-04
-4.9675e+01 7.0838e-04
-4.9575e+01 7.1758e-04
-4.9475e+01 7.2689e-04
-4.9375e+01 7.3630e-04
-4.9275e+01 7.4582e-04
-4.9175e+01 7.5543e-04
-4.9075e+01 7.6515e-04
-4.8974e+01 7.7498e-04
-4.8874e+01 7.8492e-04
-4.8774e+01 7.9496e-04
-4.8674e+01 8.0511e-04
-4.8574e+01 8.1537e-04
-4.8474e+01 8.2574e-04
-4.8374e+01 8.3622e-04
-4.8274e+01 8.4681e-04
-4.8174e+01 8.5752e-04
-4.8074e+01 8.6833e-04
-4.7974e+01 8.7927e-04
-4.7874e+01 8.9032e-04
-4.7774e+01 9.0148e-04
-4.7674e+01 9.1276e-04
-4.7574e+01 9.2416e-04
-4.7474e+01 9.3568e-04
-4.7374e+01 9.4732e-04
-4.7274e+01 9.5908e-04
-4.7174e+01 9.7096e-04
-4.7074e+01 9.8297e-04
-4.6973e+01 9.9509e-04
-4.6873e+01 1.0073e-03
-4.6773e+01 1.0197e-03
-4.6673e+01 1.0322e-03
-4.6573e+01 1.0449e-03
-4.6473e+01 1.0576e-03
-4.6373e+01 1.0705e-03
-4.6273e+01 1.0835e-03
-4.6173e+01 1.0967e-03
-4.6073e+01 1.1099e-03
-4.5973e+01 1.1234e-03
-4.5873e+01 1.1369e-03
-4.5773e+01 1.1506e-03
-4.5673e+01 1.1644e-03
-4.5573e+01 1.1784e-03
-4.5473e+01 1.1924e-03
-4.5373e+01 1.2067e-03
-4.5273e+01 1.2210e-03
-4.5173e+01 1.2356e-03
-4.5073e+01 1.2502e-03
-4.4972e+01 1.2650e-03
-4.4872e+01 1.2799e-03
-4.4772e+01 1.2950e-03
-4.4672e+01 1.3102e-03
-4.4572e+01 1.3256e-03
-4.4472e+01 1.3411e-03
-4.4372e+01 1.3568e-03
-4.4272e+01 1.3726e-03
-4.4172e+01 1.3885e-03
-4.4072e+01 1.4047e-03
-4.3972e+01 1.4209e-03
-4.3872e+01 1.4373e-03
-4.3772e+01 1.4539e-03
-4.3672e+01 1.4706e-03
-4.3572e+01 1.4875e-03
-4.3472e+01 1.5045e-03
-4.3372e+01 1.5217e-03
-4.3272e+01 1.5391e-03
-4.3172e+01 1.5566e-03
-4.3072e+01 1.5743e-03
-4.2971e+01 1.5921e-03
-4.2871e+01 1.6101e-03
-4.2771e+01 1.6282e-03
-4.2671e+01 1.6465e-03
-4.2571e+01 1.6650e-03
-4.2471e+01 1.6837e-03
-4.2371e+01 1.7025e-03
-4.2271e+01 1.7214e-03
-4.2171e+01 1.7406e-03
-4.2071e+01 1.7599e-03
-4.1971e+01 1.7794e-03
-4.1871e+01 1.7991e-03
-4.1771e+01 1.8189e-03
-4.1671e+01 1.8389e-03
-4.1571e+01 1.8591e-03
-4.1471e+01 1.8794e-03
-4.1371e+01 1.8999e-03
-4.1271e+01 1.9206e-03
-4.1171e+01 1.9415e-03
-4.1071e+01 1.9625e-03
-4.0970e+01 1.9838e-03
-4.0870e+01 2.0052e-03
-4.0770e+01 2.0268e-03
-4.0670e+01 2.0486e-03
-4.0570e+01 2.0705e-03
-4.0470e+01 2.0927e-03
-4.0370e+01 2.1150e-03
-4.0270e+01 2.1375e-03
-4.0170e+01 2.1602e-03
-4.0070e+01 2.1831e-03
-3.9970e+01 2.2061e-03
-3.9870e+01 2.2294e-03
-3.9770e+01 2.2528e-03
-3.9670e+01 2.2764e-03
-3.9570e+01 2.3003e-03
-3.9470e+01 2.3243e-03
-3.9370e+01 2.3485e-03
-3.9270e+01 2.3729e-03
-3.9170e+01 2.3975e-03
-3.9070e+01 2.4223e-03
-3.8969e+01 2.4472e-03
-3.8869e+01 2.4724e-03
-3.8769e+01 2.4978e-03
-3.8669e+01 2.5234e-03
-3.8569e+01 2.5491e-03
-3.8469e+01 2.5751e-03
-3.8369e+01 2.6013e-03
-3.8269e+01 2.6276e-03
-3.8169e+01 2.6542e-03
-3.8069e+01 2.6810e-03
-3.7969e+01 2.7079e-03
-3.7869e+01 2.7351e-03
-3.7769e+01 2.7625e-03
-3.7669e+01 2.7901e-03
-3.7569e+01 2.8178e-03
-3.7469e+01 2.8458e-03
-3.7369e+01 2.8740e-03
-3.7269e+01 2.9024e-03
-3.7169e+01 2.9311e-03
-3.7069e+01 2.9599e-03
-3.6968e+01 2.9889e-03
-3.6868e+01 3.0181e-03
-3.6768e+01 3.0476e-03
-3.6668e+01 3.0772e-03
-3.6568e+01 3.1071e-03
-3.6468e+01 3.1372e-03
-3.6368e+01 3.1675e-03
-3.6268e+01 3.1980e-03
-3.6168e+01 3.2287e-03
-3.6068e+01 3.2596e-03
-3.5968e+01 3.2908e-03
-3.5868e+01 3.3221e-03
-3.5768e+01 3.3537e-03
-3.5668e+01 3.3855e-03
-3.5568e+01 3.4175e-03
-3.5468e+01 3.4497e-03
-3.5368e+01 3.4822e-03
-3.5268e+01 3.5148e-03
-3.5168e+01 3.5477e-03
-3.5068e+01 3.5808e-03
-3.4967e+01 3.6141e-03
-3.4867e+01 3.6476e-03
-3.4767e+01 3.6814e-03
-3.4667e+01 3.7153e-03
-3.4567e+01 3.7495e-03
-3.4467e+01 3.7839e-03
-3.4367e+01 3.8185e-03
-3.4267e+01 3.8534e-03
-3.4167e+01 3.8885e-03
-3.4067e+01 3.9237e-03
-3.3967e+01 3.9592e-03
-3.3867e+01 3.9950e-03
-3.3767e+01 4.0309e-03
-3.3667e+01 4.0671e-03
-3.3567e+01 4.1035e-03
-3.3467e+01 4.1401e-03
-3.3367e+01 4.1769e-03
-3.3267e+01 4.2140e-03
-3.3167e+01 4.2513e-03
-3.3067e+01 4.2888e-03
-3.2966e+01 4.3265e-03
-3.2866e+01 4.3645e-03
-3.2766e+01 4.4026e-03
-3.2666e+01 4.4410e-03
-3.2566e+01 4.4797e-03
-3.2466e+01 4.5185e-03
-3.2366e+01 4.5576e-03
-3.2266e+01 4.5969e-03
-3.2166e+01 4.6364e-03
-3.2066e+01 4.6761e-03
-3.1966e+01 4.7161e-03
-3.1866e+01 4.7562e-03
-3.1766e+01 4.7966e-03
-3.1666e+01 4.8373e-03
-3.1566e+01 4.8781e-03
-3.1466e+01 4.9192e-03
-3.1366e+01 4.9605e-03
-3.1266e+01 5.0020e-03
-3.1166e+01 5.0437e-03
-3.1066e+01 5.0856e-03
-3.0965e+01 5.1278e-03
-3.0865e+01 5.1702e-03
-3.0765e+01 5.2128e-03
-3.0665e+01 5.2556e-03
-3.0565e+01 5.2987e-03
-3.0465e+01 5.3420e-03
-3.0365e+01 5.3855e-03
-3.0265e+01 5.4292e-03
-3.0165e+01 5.4731e-03
-3.0065e+01 5.5172e-03
-2.9965e+01 5.5616e-03
-2.9865e+01 5.6062e-03
-2.9765e+01 5.6509e-03
-2.9665e+01 5.6960e-03
-2.9565e+01 5.7412e-03
-2.9465e+01 5.7866e-03
-2.9365e+01 5.8323e-03
-2.9265e+01 5.8781e-03
-2.9165e+01 5.9242e-03
-2.9065e+01 5.9705e-03
-2.8964e+01 6.0170e-03
-2.8864e+01 6.0637e-03
-2.8764e+01 6.1106e-03
-2.8664e+01 6.1577e-03
-2.8564e+01 6.2051e-03
-2.8464e+01 6.2526e-03
-2.8364e+01 6.3003e-03
-2.8264e+01 6.3483e-03
-2.8164e+01 6.3965e-03
-2.8064e+01 6.4448e-03
-2.7964e+01 6.4934e-03
-2.7864e+01 6.5421e-03
-2.7764e+01 6.5911e-03
-2.7664e+01 6.6403e-03
-2.7564e+01 6.6897e-03
-2.7464e+01 6.7392e-03
-2.7364e+01 6.7890e-03
-2.7264e+01 6.8389e-03
-2.7164e+01 6.8891e-03
-2.7064e+01 6.9394e-03
-2.6963e+01 6.9900e-03
-2.6863e+01 7.0407e-03
-2.6763e+01 7.0917e-03
-2.6663e+01 7.1428e-03
-2.6563e+01 7.1941e-03
-2.6463e+01 7.2456e-03
-2.6363e+01 7.2972e-03
-2.6263e+01 7.3491e-03
-2.6163e+01 7.4011e-03
-2.6063e+01 7.4534e-03
-2.5963e+01 7.5058e-03
-2.5863e+01 7.5584e-03
-2.5763e+01 7.6111e-03
-2.5663e+01 7.6641e-03
-2.5563e+01 7.7172e-03
-2.5463e+01 7.7705e-03
-2.5363e+01 7.8239e-03
-2.5263e+01 7.8776e-03
-2.5163e+01 7.9314e-03
-2.5063e+01 7.9853e-03
-2.4962e+01 8.0395e-03
-2.4862e+01 8.0938e-03
-2.4762e+01 8.1482e-03
-2.4662e+01 8.2029e-03
-2.4562e+01 8.2576e-03
-2.4462e+01 8.3126e-03
-2.4362e+01 8.3677e-03
-2.4262e+01 8.4229e-03
-2.4162e+01 8.4783e-03
-2.4062e+01 8.5339e-03
-2.3962e+01 8.5896e-03
-2.3862e+01 8.6455e-03
-2.3762e+01 8.7015e-03
-2.3662e+01 8.7576e-03
-2.3562e+01 8.8139e-03
-2.3462e+01 8.8703e-03
-2.3362e+01 8.9269e-03
-2.3262e+01 8.9836e-03
-2.3162e+01 9.0404e-03
-2.3062e+01 9.0973e-03
-2.2961e+01 9.1544e-03
-2.2861e+01 9.2117e-03
-2.2761e+01 9.2690e-03
-2.2661e+01 9.3265e-03
-2.2561e+01 9.3841e-03
-2.2461e+01 9.4418e-03
-2.2361e+01 9.4996e-03
-2.2261e+01 9.5575e-03
-2.2161e+01 9.6156e-03
-2.2061e+01 9.6738e-03
-2.1961e+01 9.7320e-03
-2.1861e+01 9.7904e-03
-2.1761e+01 9.8489e-03
-2.1661e+01 9.9075e-03
-2.1561e+01 9.9662e-03
-2.1461e+01 1.0025e-02
-2.1361e+01 1.0084e-02
-2.1261e+01 1.0143e-02
-2.1161e+01 1.0202e-02
-2.1061e+01 1.0261e-02
-2.0960e+01 1.0320e-02
-2.0860e+01 1.0380e-02
-2.0760e+01 1.0439e-02
-2.0660e+01 1.0498e-02
-2.0560e+01 1.0558e-02
-2.0460e+01 1.0618e-02
-2.0360e+01 1.0677e-02
-2.0260e+01 1.0737e-02
-2.0160e+01 1.0797e-02
-2.0060e+01 1.0857e-02
-1.9960e+01 1.0917e-02
-1.9860e+01 1.0977e-02
-1.9760e+01 1.1037e-02
-1.9660e+01 1.1097e-02
-1.9560e+01 1.1157e-02
-1.9460e+01 1.1217e-02
-1.9360e+01 1.1277e-02
-1.9260e+01 1.1338e-02
-1.9160e+01 1.1398e-02
-1.9060e+01 1.1458e-02
-1.8959e+01 1.1519e-02
-1.8859e+01 1.1579e-02
-1.8759e+01 1.1639e-02
-1.8659e+01 1.1700e-02
-1.8559e+01 1.1760e-02
-1.8459e+01 1.1821e-02
-1.8359e+01 1.1881e-02
-1.8259e+01 1.1942e-02
-1.8159e+01 1.2002e-02
-1.8059e+01 1.2063e-02
-1.7959e+01 1.2123e-02
-1.7859e+01 1.2184e-02
-1.7759e+01 1.2244e-02
-1.7659e+01 1.2305e-02
-1.7559e+01 1.2365e-02
-1.7459e+01 1.2426e-02
-1.7359e+01 1.2486e-02
-1.7259e+01 1.2547e-02
-1.7159e+01 1.2607e-02
-1.7059e+01 1.2668e-02
-1.6958e+01 1.2728e-02
-1.6858e+01 1.2788e-02
-1.6758e+01 1.2849e-02
-1.6658e+01 1.2909e-02
-1.6558e+01 1.2969e-02
-1.6458e+01 1.3029e-02
-1.6358e+01 1.3089e-02
-1.6258e+01 1.3150e-02
-1.6158e+01 1.3210e-02
-1.6058e+01 1.3269e-02
-1.5958e+01 1.3329e-02
-1.5858e+01 1.3389e-02
-1.5758e+01 1.3449e-02
-1.5658e+01 1.3509e-02
-1.5558e+01 1.3568e-02
-1.5458e+01 1.3628e-02
-1.5358e+01 1.3687e-02
-1.5258e+01 1.3747e-02
-1.5158e+01 1.3806e-02
-1.5058e+01 1.3865e-02
-1.4957e+01 1.3924e-02
-1.4857e+01 1.3983e-02
-1.4757e+01 1.4042e-02
-1.4657e+01 1.4101e-02
-1.4557e+01 1.4160e-02
-1.4457e+01 1.4218e-02
-1.4357e+01 1.4277e-02
-1.4257e+01 1.4335e-02
-1.4157e+01 1.4393e-02
-1.4057e+01 1.4451e-02
-1.3957e+01 1.4509e-02
-1.3857e+01 1.4567e-02
-1.3757e+01 1.4625e-02
-1.3657e+01 1.4683e-02
-1.3557e+01 1.4740e-02
-1.3457e+01 1.4797e-02
-1.3357e+01 1.4854e-02
-1.3257e+01 1.4911e-02
-1.3157e+01 1.4968e-02
-1.3057e+01 1.5025e-02
-1.2956e+01 1.5081e-02
-1.2856e+01 1.5138e-02
-1.2756e+01 1.5194e-02
-1.2656e+01 1.5250e-02
-1.2556e+01 1.5306e-02
-1.2456e+01 1.5361e-02
-1.2356e+01 1.5417e-02
-1.2256e+01 1.5472e-02
-1.2156e+01 1.5527e-02
-1.2056e+01 1.5582e-02
-1.1956e+01 1.5637e-02
-1.1856e+01 1.5691e-02
-1.1756e+01 1.5745e-02
-1.1656e+01 1.5800e-02
-1.1556e+01 1.5853e-02
-1.1456e+01 1.5907e-02
-1.1356e+01 1.5960e-02
-1.1256e+01 1.6014e-02
-1.1156e+01 1.6067e-02
-1.1056e+01 1.6119e-02
-1.0955e+01 1.6172e-02
-1.0855e+01 1.6224e-02
-1.0755e+01 1.6276e-02
-1.0655e+01 1.6328e-02
-1.0555e+01 1.6380e-02
-1.0455e+01 1.6431e-02
-1.0355e+01 1.6482e-02
-1.0255e+01 1.6533e-02
-1.0155e+01 1.6583e-02
-1.0055e+01 1.6634e-02
-9.9550e+00 1.6684e-02
-9.8549e+00 1.6733e-02
-9.7549e+00 1.6783e-02
-9.6548e+00 1.6832e-02
-9.5548e+00 1.6881e-02
-9.4547e+00 1.6930e-02
-9.3547e+00 1.6978e-02
-9.2546e+00 1.7026e-02
-9.1546e+00 1.7074e-02
-9.0545e+00 1.7121e-02
-8.9545e+00 1.7169e-02
-8.8544e+00 1.7215e-02
-8.7544e+00 1.7262e-02
-8.6543e+00 1.7308e-02
-8.5543e+00 1.7354e-02
-8.4542e+00 1.7400e-02
-8.3542e+00 1.7445e-02
-8.2541e+00 1.7490e-02
-8.1541e+00 1.7535e-02
-8.0540e+00 1.7579e-02
-7.9540e+00 1.7623e-02
-7.8539e+00 1.7667e-02
-7.7539e+00 1.7711e-02
-7.6538e+00 1.7754e-02
-7.5538e+00 1.7796e-02
-7.4537e+00 1.7839e-02
-7.3537e+00 1.7881e-02
-7.2536e+00 1.7922e-02
-7.1536e+00 1.7964e-02
-7.0535e+00 1.8005e-02
-6.9535e+00 1.8045e-02
-6.8534e+00 1.8085e-02
-6.7534e+00 1.8125e-02
-6.6533e+00 1.8165e-02
-6.5533e+00 1.8204e-02
-6.4532e+00 1.8243e-02
-6.3532e+00 1.8281e-02
-6.2531e+00 1.8319e-02
-6.1531e+00 1.8357e-02
-6.0530e+00 1.8394e-02
-5.9530e+00 1.8431e-02
-5.8529e+00 1.8467e-02
-5.7529e+00 1.8503e-02
-5.6528e+00 1.8539e-02
-5.5528e+00 1.8574e-02
-5.4527e+00 1.8609e-02
-5.3527e+00 1.8644e-02
-5.2526e+00 1.8678e-02
-5.1526e+00 1.8711e-02
-5.0525e+00 1.8745e-02
-4.9525e+00 1.8778e-02
-4.8524e+00 1.8810e-02
-4.7524e+00 1.8842e-02
-4.6523e+00 1.8874e-02
-4.5523e+00 1.8905e-02
-4.4522e+00 1.8936e-02
-4.3522e+00 1.8966e-02
-4.2521e+00 1.8996e-02
-4.1521e+00 1.9025e-02
-4.0520e+00 1.9054e-02
-3.9520e+00 1.9083e-02
-3.8519e+00 1.9111e-02
-3.7519e+00 1.9139e-02
-3.6518e+00 1.9166e-02
-3.5518e+00 1.9193e-02
-3.4517e+00 1.9220e-02
-3.3517e+00 1.9246e-02
-3.2516e+00 1.9271e-02
-3.1516e+00 1.9296e-02
-3.0515e+00 1.9321e-02
-2.9515e+00 1.9345e-02
-2.8514e+00 1.9369e-02
-2.7514e+00 1.9392e-02
-2.6513e+00 1.9415e-02
-2.5513e+00 1.9437e-02
-2.4512e+00 1.9459e-02
-2.3512e+00 1.9481e-02
-2.2511e+00 1.9502e-02
-2.1511e+00 1.9522e-02
-2.0510e+00 1.9542e-02
-1.9510e+00 1.9562e-02
-1.8509e+00 1.9581e-02
-1.7509e+00 1.9599e-02
-1.6508e+00 1.9618e-02
-1.5508e+00 1.9635e-02
-1.4507e+00 1.9652e-02
-1.3507e+00 1.9669e-02
-1.2506e+00 1.9685e-02
-1.1506e+00 1.9701e-02
-1.0505e+00 1.9716e-02
-9.5048e-01 1.9731e-02
-8.5043e-01 1.9746e-02
-7.5038e-01 1.9759e-02
-6.5033e-01 1.9773e-02
-5.5028e-01 1.9786e-02
-4.5023e-01 1.9798e-02
-3.5018e-01 1.9810e-02
-2.5013e-01 1.9821e-02
-1.5008e-01 1.9832e-02
-5.0025e-02 1.9843e-02
5.0025e-02 1.9853e-02
1.5008e-01 1.9862e-02
2.5013e-01 1.9871e-02
3.5018e-01 1.9879e-02
4.5023e-01 1.9887e-02
5.5028e-01 1.9895e-02
6.5033e-01 1.9902e-02
7.5038e-01 1.9908e-02
8.5043e-01 1.9914e-02
9.5048e-01 1.9920e-02
1.0505e+00 1.9925e-02
1.1506e+00 1.9929e-02
1.2506e+00 1.9933e-02
1.3507e+00 1.9937e-02
1.4507e+00 1.9940e-02
1.5508e+00 1.9942e-02
1.6508e+00 1.9944e-02
1.7509e+00 1.9946e-02
1.8509e+00 1.9947e-02
1.9510e+00 1.9947e-02
2.0510e+00 1.9947e-02
2.1511e+00 1.9947e-02
2.2511e+00 1.9946e-02
2.3512e+00 1.9944e-02
2.4512e+00 1.9942e-02
2.5513e+00 1.9940e-02
2.6513e+00 1.9937e-02
2.7514e+00 1.9933e-02
2.8514e+00 1.9929e-02
2.9515e+00 1.9925e-02
3.0515e+00 1.9920e-02
3.1516e+00 1.9914e-02
3.2516e+00 1.9908e-02
3.3517e+00 1.9902e-02
3.4517e+00 1.9895e-02
3.5518e+00 1.9887e-02
3.6518e+00 1.9879e-02
3.7519e+00 1.9871e-02
3.8519e+00 1.9862e-02
3.9520e+00 1.9852e-02
4.0520e+00 1.9842e-02
4.1521e+00 1.9832e-02
4.2521e+00 1.9821e-02
4.3522e+00 1.9810e-02
4.4522e+00 1.9798e-02
4.5523e+00 1.9785e-02
4.6523e+00 1.9772e-02
4.7524e+00 1.9759e-02
4.8524e+00 1.9745e-02
4.9525e+00 1.9731e-02
5.0525e+00 1.9716e-02
5.1526e+00 1.9701e-02
5.2526e+00 1.9685e-02
5.3527e+00 1.9669e-02
5.4527e+00 1.9652e-02
5.5528e+00 1.9635e-02
5.6528e+00 1.9617e-02
5.7529e+00 1.9599e-02
5.8529e+00 1.9580e-02
5.9530e+00 1.9561e-02
6.0530e+00 1.9542e-02
6.1531e+00 1.9522e-02
6.2531e+00 1.9501e-02
6.3532e+00 1.9480e-02
6.4532e+00 1.9459e-02
6.5533e+00 1.9437e-02
6.6533e+00 1.9414e-02
6.7534e+00 1.9392e-02
6.8534e+00 1.9368e-02
6.9535e+00 1.9345e-02
7.0535e+00 1.9320e-02
7.1536e+00 1.9296e-02
7.2536e+00 1.9271e-02
7.3537e+00 1.9245e-02
7.4537e+00 1.9219e-02
7.5538e+00 1.9193e-02
7.6538e+00 1.9166e-02
7.7539e+00 1.9138e-02
7.8539e+00 1.9111e-02
7.9540e+00 1.9082e-02
8.0540e+00 1.9054e-02
8.1541e+00 1.9025e-02
8.2541e+00 1.8995e-02
8.3542e+00 1.8965e-02
8.4542e+00 1.8935e-02
8.5543e+00 1.8904e-02
8.6543e+00 1.8873e-02
8.7544e+00 1.8841e-02
8.8544e+00 1.8809e-02
8.9545e+00 1.8777e-02
9.0545e+00 1.8744e-02
9.1546e+00 1.8711e-02
9.2546e+00 1.8677e-02
9.3547e+00 1.8643e-02
9.4547e+00 1.8608e-02
9.5548e+00 1.8574e-02
9.6548e+00 1.8538e-02
9.7549e+00 1.8503e-02
9.8549e+00 1.8467e-02
9.9550e+00 1.8430e-02
1.0055e+01 1.8393e-02
1.0155e+01 1.8356e-02
1.0255e+01 1.8318e-02
1.0355e+01 1.8280e-02
1.0455e+01 1.8242e-02
1.0555e+01 1.8203e-02
1.0655e+01 1.8164e-02
1.0755e+01 1.8124e-02
1.0855e+01 1.8085e-02
1.0955e+01 1.8044e-02
1.1056e+01 1.8004e-02
1.1156e+01 1.7963e-02
1.1256e+01 1.7921e-02
1.1356e+01 1.7880e-02
1.1456e+01 1.7838e-02
1.1556e+01 1.7795e-02
1.1656e+01 1.7753e-02
1.1756e+01 1.7710e-02
1.1856e+01 1.7666e-02
1.1956e+01 1.7623e-02
1.2056e+01 1.7579e-02
1.2156e+01 1.7534e-02
1.2256e+01 1.7489e-02
1.2356e+01 1.7444e-02
1.2456e+01 1.7399e-02
1.2556e+01 1.7353e-02
1.2656e+01 1.7307e-02
1.2756e+01 1.7261e-02
1.2856e+01 1.7215e-02
1.2956e+01 1.7168e-02
1.3057e+01 1.7120e-02
1.3157e+01 1.7073e-02
1.3257e+01 1.7025e-02
1.3357e+01 1.6977e-02
1.3457e+01 1.6929e-02
1.3557e+01 1.6880e-02
1.3657e+01 1.6831e-02
1.3757e+01 1.6782e-02
1.3857e+01 1.6732e-02
1.3957e+01 1.6683e-02
1.4057e+01 1.6633e-02
1.4157e+01 1.6582e-02
1.4257e+01 1.6532e-02
1.4357e+01 1.6481e-02
1.4457e+01 1.6430e-02
1.4557e+01 1.6379e-02
1.4657e+01 1.6327e-02
1.4757e+01 1.6275e-02
1.4857e+01 1.6223e-02
1.4957e+01 1.6171e-02
1.5058e+01 1.6118e-02
1.5158e+01 1.6066e-02
1.5258e+01 1.6013e-02
1.5358e+01 1.5959e-02
1.5458e+01 1.5906e-02
1.5558e+01 1.5852e-02
1.5658e+01 1.5798e-02
1.5758e+01 1.5744e-02
1.5858e+01 1.5690e-02
1.5958e+01 1.5636e-02
1.6058e+01 1.5581e-02
1.6158e+01 1.5526e-02
1.6258e+01 1.5471e-02
1.6358e+01 1.5416e-02
1.6458e+01 1.5360e-02
1.6558e+01 1.5305e-02
1.6658e+01 1.5249e-02
1.6758e+01 1.5193e-02
1.6858e+01 1.5137e-02
1.6958e+01 1.5080e-02
1.7059e+01 1.5024e-02
1.7159e+01 1.4967e-02
1.7259e+01 1.4910e-02
1.7359e+01 1.4853e-02
1.7459e+01 1.4796e-02
1.7559e+01 1.4739e-02
1.7659e+01 1.4681e-02
1.7759e+01 1.4624e-02
1.7859e+01 1.4566e-02
1.7959e+01 1.4508e-02
1.8059e+01 1.4450e-02
1.8159e+01 1.4392e-02
1.8259e+01 1.4334e-02
1.8359e+01 1.4276e-02
1.8459e+01 1.4217e-02
1.8559e+01 1.4159e-02
1.8659e+01 1.4100e-02
1.8759e+01 1.4041e-02
1.8859e+01 1.3982e-02
1.8959e+01 1.3923e-02
1.9060e+01 1.3864e-02
1.9160e+01 1.3805e-02
1.9260e+01 1.3746e-02
1.9360e+01 1.3686e-02
1.9460e+01 1.3627e-02
1.9560e+01 1.3567e-02
1.9660e+01 1.3508e-02
1.9760e+01 1.3448e-02
1.9860e+01 1.3388e-02
1.9960e+01 1.3328e-02
2.0060e+01 1.3268e-02
2.0160e+01 1.3208e-02
2.0260e+01 1.3148e-02
2.0360e+01 1.3088e-02
2.0460e+01 1.3028e-02
2.0560e+01 1.2968e-02
2.0660e+01 1.2908e-02
2.0760e+01 1.2847e-02
2.0860e+01 1.2787e-02
2.0960e+01 1.2727e-02
2.1061e+01 1.2666e-02
2.1161e+01 1.2606e-02
2.1261e+01 1.2546e-02
2.1361e+01 1.2485e-02
2.1461e+01 1.2425e-02
2.1561e+01 1.2364e-02
2.1661e+01 1.2304e-02
2.1761e+01 1.2243e-02
2.1861e+01 1.2183e-02
2.1961e+01 1.2122e-02
2.2061e+01 1.2062e-02
2.2161e+01 1.2001e-02
2.2261e+01 1.1941e-02
2.2361e+01 1.1880e-02
2.2461e+01 1.1820e-02
2.2561e+01 1.1759e-02
2.2661e+01 1.1699e-02
2.2761e+01 1.1638e-02
2.2861e+01 1.1578e-02
2.2961e+01 1.1517e-02
2.3062e+01 1.1457e-02
2.3162e+01 1.1397e-02
2.3262e+01 1.1336e-02
2.3362e+01 1.1276e-02
2.3462e+01 1.1216e-02
2.3562e+01 1.1156e-02
2.3662e+01 1.1096e-02
2.3762e+01 1.1035e-02
2.3862e+01 1.0975e-02
2.3962e+01 1.0915e-02
2.4062e+01 1.0855e-02
2.4162e+01 1.0796e-02
2.4262e+01 1.0736e-02
2.4362e+01 1.0676e-02
2.4462e+01 1.0616e-02
2.4562e+01 1.0557e-02
2.4662e+01 1.0497e-02
2.4762e+01 1.0438e-02
2.4862e+01 1.0378e-02
2.4962e+01 1.0319e-02
2.5063e+01 1.0260e-02
2.5163e+01 1.0201e-02
2.5263e+01 1.0142e-02
2.5363e+01 1.0083e-02
2.5463e+01 1.0024e-02
2.5563e+01 9.9650e-03
2.5663e+01 9.9063e-03
2.5763e+01 9.8477e-03
2.5863e+01 9.7892e-03
2.5963e+01 9.7309e-03
2.6063e+01 9.6726e-03
2.6163e+01 9.6144e-03
2.6263e+01 9.5564e-03
2.6363e+01 9.4984e-03
2.6463e+01 9.4406e-03
2.6563e+01 9.3829e-03
2.6663e+01 9.3253e-03
2.6763e+01 9.2679e-03
2.6863e+01 9.2105e-03
2.6963e+01 9.1533e-03
2.7064e+01 9.0962e-03
2.7164e+01 9.0392e-03
2.7264e+01 8.9824e-03
2.7364e+01 8.9257e-03
2.7464e+01 8.8692e-03
2.7564e+01 8.8128e-03
2.7664e+01 8.7565e-03
2.7764e+01 8.7003e-03
2.7864e+01 8.6443e-03
2.7964e+01 8.5885e-03
2.8064e+01 8.5328e-03
2.8164e+01 8.4772e-03
2.8264e+01 8.4218e-03
2.8364e+01 8.3666e-03
2.8464e+01 8.3115e-03
2.8564e+01 8.2566e-03
2.8664e+01 8.2018e-03
2.8764e+01 8.1471e-03
2.8864e+01 8.0927e-03
2.8964e+01 8.0384e-03
2.9065e+01 7.9843e-03
2.9165e+01 7.9303e-03
2.9265e+01 7.8765e-03
2.9365e+01 7.8229e-03
2.9465e+01 7.7694e-03
2.9565e+01 7.7161e-03
2.9665e+01 7.6630e-03
2.9765e+01 7.6101e-03
2.9865e+01 7.5573e-03
2.9965e+01 7.5047e-03
3.0065e+01 7.4523e-03
3.0165e+01 7.4001e-03
3.0265e+01 7.3481e-03
3.0365e+01 7.2962e-03
3.0465e+01 7.2445e-03
3.0565e+01 7.1930e-03
3.0665e+01 7.1417e-03
3.0765e+01 7.0906e-03
3.0865e+01 7.0397e-03
3.0965e+01 6.9890e-03
3.1066e+01 6.9384e-03
3.1166e+01 6.8881e-03
3.1266e+01 6.8379e-03
3.1366e+01 6.7880e-03
3.1466e+01 6.7382e-03
3.1566e+01 6.6887e-03
3.1666e+01 6.6393e-03
3.1766e+01 6.5901e-03
3.1866e+01 6.5412e-03
3.1966e+01 6.4924e-03
3.2066e+01 6.4438e-03
3.2166e+01 6.3955e-03
3.2266e+01 6.3473e-03
3.2366e+01 6.2994e-03
3.2466e+01 6.2516e-03
3.2566e+01 6.2041e-03
3.2666e+01 6.1568e-03
3.2766e+01 6.1097e-03
3.2866e+01 6.0627e-03
3.2966e+01 6.0160e-03
3.3067e+01 5.9695e-03
3.3167e+01 5.9233e-03
3.3267e+01 5.8772e-03
3.3367e+01 5.8313e-03
3.3467e+01 5.7857e-03
3.3567e+01 5.7403e-03
3.3667e+01 5.6951e-03
3.3767e+01 5.6501e-03
3.3867e+01 5.6053e-03
3.3967e+01 5.5607e-03
3.4067e+01 5.5163e-03
3.4167e+01 5.4722e-03
3.4267e+01 5.4283e-03
3.4367e+01 5.3846e-03
3.4467e+01 5.3411e-03
3.4567e+01 5.2978e-03
3.4667e+01 5.2548e-03
3.4767e+01 5.2120e-03
3.4867e+01 5.1694e-03
3.4967e+01 5.1270e-03
3.5068e+01 5.0848e-03
3.5168e+01 5.0429e-03
3.5268e+01 5.0011e-03
3.5368e+01 4.9596e-03
3.5468e+01 4.9183e-03
3.5568e+01 4.8773e-03
3.5668e+01 4.8364e-03
3.5768e+01 4.7958e-03
3.5868e+01 4.7554e-03
3.5968e+01 4.7153e-03
3.6068e+01 4.6753e-03
3.6168e+01 4.6356e-03
3.6268e+01 4.5961e-03
3.6368e+01 4.5568e-03
3.6468e+01 4.5177e-03
3.6568e+01 4.4789e-03
3.6668e+01 4.4403e-03
3.6768e+01 4.4019e-03
3.6868e+01 4.3637e-03
3.6968e+01 4.3258e-03
3.7069e+01 4.2880e-03
3.7169e+01 4.2505e-03
3.7269e+01 4.2133e-03
3.7369e+01 4.1762e-03
3.7469e+01 4.1394e-03
3.7569e+01 4.1028e-03
3.7669e+01 4.0664e-03
3.7769e+01 4.0302e-03
3.7869e+01 3.9943e-03
3.7969e+01 3.9585e-03
3.8069e+01 3.9230e-03
3.8169e+01 3.8877e-03
3.8269e+01 3.8527e-03
3.8369e+01 3.8178e-03
3.8469e+01 3.7832e-03
3.8569e+01 3.7488e-03
3.8669e+01 3.7146e-03
3.8769e+01 3.6807e-03
3.8869e+01 3.6469e-03
3.8969e+01 3.6134e-03
3.9070e+01 3.5801e-03
3.9170e+01 3.5470e-03
3.9270e+01 3.5142e-03
3.9370e+01 3.4815e-03
3.9470e+01 3.4491e-03
3.9570e+01 3.4169e-03
3.9670e+01 3.3849e-03
3.9770e+01 3.3531e-03
3.9870e+01 3.3215e-03
3.9970e+01 3.2902e-03
4.0070e+01 3.2590e-03
4.0170e+01 3.2281e-03
4.0270e+01 3.1974e-03
4.0370e+01 3.1669e-03
4.0470e+01 3.1366e-03
4.0570e+01 3.1065e-03
4.0670e+01 3.0766e-03
4.0770e+01 3.0470e-03
4.0870e+01 3.0175e-03
4.0970e+01 2.9883e-03
4.1071e+01 2.9593e-03
4.1171e+01 2.9305e-03
4.1271e+01 2.9019e-03
4.1371e+01 2.8735e-03
4.1471e+01 2.8453e-03
4.1571e+01 2.8173e-03
4.1671e+01 2.7895e-03
4.1771e+01 2.7619e-03
4.1871e+01 2.7346e-03
4.1971e+01 2.7074e-03
4.2071e+01 2.6804e-03
4.2171e+01 2.6537e-03
4.2271e+01 2.6271e-03
4.2371e+01 2.6007e-03
4.2471e+01 2.5746e-03
4.2571e+01 2.5486e-03
4.2671e+01 2.5228e-03
4.2771e+01 2.4973e-03
4.2871e+01 2.4719e-03
4.2971e+01 2.4467e-03
4.3072e+01 2.4218e-03
4.3172e+01 2.3970e-03
4.3272e+01 2.3724e-03
4.3372e+01 2.3480e-03
4.3472e+01 2.3238e-03
4.3572e+01 2.2998e-03
4.3672e+01 2.2760e-03
4.3772e+01 2.2523e-03
4.3872e+01 2.2289e-03
4.3972e+01 2.2057e-03
4.4072e+01 2.1826e-03
4.4172e+01 2.1597e-03
4.4272e+01 2.1370e-03
4.4372e+01 2.1145e-03
4.4472e+01 2.0922e-03
4.4572e+01 2.0701e-03
4.4672e+01 2.0481e-03
4.4772e+01 2.0264e-03
4.4872e+01 2.0048e-03
4.4972e+01 1.9834e-03
4.5073e+01 1.9621e-03
4.5173e+01 1.9411e-03
4.5273e+01 1.9202e-03
4.5373e+01 1.8995e-03
4.5473e+01 1.8790e-03
4.5573e+01 1.8586e-03
4.5673e+01 1.8385e-03
4.5773e+01 1.8185e-03
4.5873e+01 1.7987e-03
4.5973e+01 1.7790e-03
4.6073e+01 1.7595e-03
4.6173e+01 1.7402e-03
4.6273e+01 1.7211e-03
4.6373e+01 1.7021e-03
4.6473e+01 1.6833e-03
4.6573e+01 1.6646e-03
4.6673e+01 1.6462e-03
4.6773e+01 1.6279e-03
4.6873e+01 1.6097e-03
4.6973e+01 1.5917e-03
4.7074e+01 1.5739e-03
4.7174e+01 1.5562e-03
4.7274e+01 1.5387e-03
4.7374e+01 1.5214e-03
4.7474e+01 1.5042e-03
4.7574e+01 1.4872e-03
4.7674e+01 1.4703e-03
4.7774e+01 1.4536e-03
4.7874e+01 1.4370e-03
4.7974e+01 1.4206e-03
4.8074e+01 1.4043e-03
4.8174e+01 1.3882e-03
4.8274e+01 1.3723e-03
4.8374e+01 1.3565e-03
4.8474e+01 1.3408e-03
4.8574e+01 1.3253e-03
4.8674e+01 1.3099e-03
4.8774e+01 1.2947e-03
4.8874e+01 1.2796e-03
4.8974e+01 1.2647e-03
4.9075e+01 1.2499e-03
4.9175e+01 1.2353e-03
4.9275e+01 1.2208e-03
4.9375e+01 1.2064e-03
4.9475e+01 1.1922e-03
4.9575e+01 1.1781e-03
4.9675e+01 1.1641e-03
4.9775e+01 1.1503e-03
4.9875e+01 1.1366e-03
4.9975e+01 1.1231e-03
5.0075e+01 1.1097e-03
5.0175e+01 1.0964e-03
5.0275e+01 1.0833e-03
5.0375e+01 1.0702e-03
5.0475e+01 1.0574e-03
5.0575e+01 1.0446e-03
5.0675e+01 1.0320e-03
5.0775e+01 1.0195e-03
5.0875e+01 1.0071e-03
5.0975e+01 9.9485e-04
5.1076e+01 9.8272e-04
5.1176e+01 9.7072e-04
5.1276e+01 9.5884e-04
5.1376e+01 9.4709e-04
5.1476e+01 9.3545e-04
5.1576e+01 9.2393e-04
5.1676e+01 9.1254e-04
5.1776e+01 9.0126e-04
5.1876e+01 8.9009e-04
5.1976e+01 8.7905e-04
5.2076e+01 8.6812e-04
5.2176e+01 8.5730e-04
5.2276e+01 8.4660e-04
5.2376e+01 8.3601e-04
5.2476e+01 8.2553e-04
5.2576e+01 8.1516e-04
5.2676e+01 8.0491e-04
5.2776e+01 7.9476e-04
5.2876e+01 7.8472e-04
5.2976e+01 7.7479e-04
5.3077e+01 7.6496e-04
5.3177e+01 7.5524e-04
5.3277e+01 7.4562e-04
5.3377e+01 7.3611e-04
5.3477e+01 7.2670e-04
5.3577e+01 7.1740e-04
5.3677e+01 7.0819e-04
5.3777e+01 6.9909e-04
5.3877e+01 6.9009e-04
5.3977e+01 6.8118e-04
5.4077e+01 6.7237e-04
5.4177e+01 6.6367e-04
5.4277e+01 6.5505e-04
5.4377e+01 6.4653e-04
5.4477e+01 6.3811e-04
5.4577e+01 6.2978e-04
5.4677e+01 6.2155e-04
5.4777e+01 6.1340e-04
5.4877e+01 6.0535e-04
5.4977e+01 5.9739e-04
5.5078e+01 5.8952e-04
5.5178e+01 5.8174e-04
5.5278e+01 5.7404e-04
5.5378e+01 5.6644e-04
5.5478e+01 5.5892e-04
5.5578e+01 5.5148e-04
5.5678e+01 5.4414e-04
5.5778e+01 5.3687e-04
5.5878e+01 5.2969e-04
5.5978e+01 5.2260e-04
5.6078e+01 5.1558e-04
5.6178e+01 5.0865e-04
5.6278e+01 5.0180e-04
5.6378e+01 4.9502e-04
5.6478e+01 4.8833e-04
5.6578e+01 4.8171e-04
5.6678e+01 4.7518e-04
5.6778e+01 4.6872e-04
5.6878e+01 4.6233e-04
5.6978e+01 4.5602e-04
5.7079e+01 4.4979e-04
5.7179e+01 4.4363e-04
5.7279e+01 4.3754e-04
5.7379e+01 4.3153e-04
5.7479e+01 4.2559e-04
5.7579e+01 4.1972e-04
5.7679e+01 4.1392e-04
5.7779e+01 4.0819e-04
5.7879e+01 4.0253e-04
5.7979e+01 3.9694e-04
5.8079e+01 3.9141e-04
5.8179e+01 3.8596e-04
5.8279e+01 3.8057e-04
5.8379e+01 3.7524e-04
5.8479e+01 3.6998e-04
5.8579e+01 3.6479e-04
5.8679e+01 3.5966e-04
5.8779e+01 3.5459e-04
5.8879e+01 3.4959e-04
5.8979e+01 3.4464e-04
5.9080e+01 3.3976e-04
5.9180e+01 3.3494e-04
5.9280e+01 3.3018e-04
5.9380e+01 3.2548e-04
5.9480e+01 3.2084e-04
5.9580e+01 3.1625e-04
5.9680e+01 3.1173e-04
5.9780e+01 3.0726e-04
5.9880e+01 3.0285e-04
5.9980e+01 2.9849e-04
6.0080e+01 2.9419e-04
6.0180e+01 2.8994e-04
6.0280e+01 2.8575e-04
6.0380e+01 2.8161e-04
6.0480e+01 2.7753e-04
6.0580e+01 2.7349e-04
6.0680e+01 2.6951e-04
6.0780e+01 2.6558e-04
6.0880e+01 2.6170e-04
6.0980e+01 2.5787e-04
6.1081e+01 2.5409e-04
6.1181e+01 2.5036e-04
6.1281e+01 2.4668e-04
6.1381e+01 2.4305e-04
6.1481e+01 2.3946e-04
6.1581e+01 2.3592e-04
6.1681e+01 2.3243e-04
6.1781e+01 2.2898e-04
6.1881e+01 2.2558e-04
6.1981e+01 2.2222e-04
6.2081e+01 2.1891e-04
6.2181e+01 2.1565e-04
6.2281e+01 2.1242e-04
6.2381e+01 2.0924e-04
6.2481e+01 2.0610e-04
6.2581e+01 2.0300e-04
6.2681e+01 1.9995e-04
6.2781e+01 1.9693e-04
6.2881e+01 1.9396e-04
6.2981e+01 1.9103e-04
6.3082e+01 1.8813e-04
6.3182e+01 1.8528e-04
6.3282e+01 1.8246e-04
6.3382e+01 1.7968e-04
6.3482e+01 1.7694e-04
6.3582e+01 1.7424e-04
6.3682e+01 1.7158e-04
6.3782e+01 1.6895e-04
6.3882e+01 1.6635e-04
6.3982e+01 1.6380e-04
6.4082e+01 1.6128e-04
6.4182e+01 1.5879e-04
6.4282e+01 1.5634e-04
6.4382e+01 1.5392e-04
6.4482e+01 1.5153e-04
6.4582e+01 1.4918e-04
6.4682e+01 1.4686e-04
6.4782e+01 1.4458e-04
6.4882e+01 1.4232e-04
6.4982e+01 1.4010e-04
6.5083e+01 1.3791e-04
6.5183e+01 1.3575e-04
6.5283e+01 1.3362e-04
6.5383e+01 1.3152e-04
6.5483e+01 1.2945e-04
6.5583e+01 1.2741e-04
6.5683e+01 1.2539e-04
6.5783e+01 1.2341e-04
6.5883e+01 1.2146e-04
6.5983e+01 1.1953e-04
6.6083e+01 1.1763e-04
6.6183e+01 1.1576e-04
6.6283e+01 1.1391e-04
6.6383e+01 1.1209e-04
6.6483e+01 1.1030e-04
6.6583e+01 1.0854e-04
6.6683e+01 1.0680e-04
6.6783e+01 1.0508e-04
6.6883e+01 1.0339e-04
6.6983e+01 1.0172e-04
6.7084e+01 1.0008e-04
6.7184e+01 9.8466e-05
6.7284e+01 9.6873e-05
6.7384e+01 9.5302e-05
6.7484e+01 9.3755e-05
6.7584e+01 9.2231e-05
6.7684e+01 9.0729e-05
6.7784e+01 8.9250e-05
6.7884e+01 8.7792e-05
6.7984e+01 8.6356e-05
6.8084e+01 8.4942e-05
6.8184e+01 8.3548e-05
6.8284e+01 8.2175e-05
6.8384e+01 8.0823e-05
6.8484e+01 7.9491e-05
6.8584e+01 7.8179e-05
6.8684e+01 7.6887e-05
6.8784e+01 7.5614e-05
6.8884e+01 7.4361e-05
6.8984e+01 7.3126e-05
6.9085e+01 7.1910e-05
6.9185e+01 7.0713e-05
6.9285e+01 6.9534e-05
6.9385e+01 6.8372e-05
6.9485e+01 6.7229e-05
6.9585e+01 6.6103e-05
6.9685e+01 6.4994e-05
6.9785e+01 6.3902e-05
6.9885e+01 6.2827e-05
6.9985e+01 6.1768e-05
7.0085e+01 6.0726e-05
7.0185e+01 5.9700e-05
7.0285e+01 5.8690e-05
7.0385e+01 5.7695e-05
7.0485e+01 5.6716e-05
7.0585e+01 5.5752e-05
7.0685e+01 5.4803e-05
7.0785e+01 5.3869e-05
7.0885e+01 5.2949e-05
7.0985e+01 5.2044e-05
7.1086e+01 5.1153e-05
7.1186e+01 5.0276e-05
7.1286e+01 4.9413e-05
7.1386e+01 4.8563e-05
7.1486e+01 4.7727e-05
7.1586e+01 4.6904e-05
7.1686e+01 4.6094e-05
7.1786e+01 4.5297e-05
7.1886e+01 4.4513e-05
7.1986e+01 4.3741e-05
7.2086e+01 4.2982e-05
7.2186e+01 4.2234e-05
7.2286e+01 4.1499e-05
7.2386e+01 4.0775e-05
7.2486e+01 4.0063e-05
7.2586e+01 3.9362e-05
7.2686e+01 3.8673e-05
7.2786e+01 3.7995e-05
7.2886e+01 3.7327e-05
7.2986e+01 3.6671e-05
7.3087e+01 3.6025e-05
7.3187e+01 3.5390e-05
7.3287e+01 3.4765e-05
7.3387e+01 3.4150e-05
7.3487e+01 3.3545e-05
7.3587e+01 3.2950e-05
7.3687e+01 3.2365e-05
7.3787e+01 3.1790e-05
7.3887e+01 3.1224e-05
7.3987e+01 3.0667e-05
7.4087e+01 3.0119e-05
7.4187e+01 2.9581e-05
7.4287e+01 2.9051e-05
7.4387e+01 2.8530e-05
7.4487e+01 2.8018e-05
7.4587e+01 2.7514e-05
7.4687e+01 2.7019e-05
7.4787e+01 2.6532e-05
7.4887e+01 2.6053e-05
7.4987e+01 2.5582e-05
7.5088e+01 2.5118e-05
7.5188e+01 2.4663e-05
7.5288e+01 2.4215e-05
7.5388e+01 2.3775e-05
7.5488e+01 2.3343e-05
7.5588e+01 2.2917e-05
7.5688e+01 2.2499e-05
7.5788e+01 2.2088e-05
7.5888e+01 2.1684e-05
7.5988e+01 2.1286e-05
7.6088e+01 2.0896e-05
7.6188e+01 2.0512e-05
7.6288e+01 2.0134e-05
7.6388e+01 1.9763e-05
7.6488e+01 1.9399e-05
7.6588e+01 1.9041e-05
7.6688e+01 1.8688e-05
7.6788e+01 1.8342e-05
7.6888e+01 1.8002e-05
7.6988e+01 1.7668e-05
7.7089e+01 1.7339e-05
7.7189e+01 1.7016e-05
7.7289e+01 1.6699e-05
7.7389e+01 1.6388e-05
7.7489e+01 1.6081e-05
7.7589e+01 1.5780e-05
7.7689e+01 1.5484e-05
7.7789e+01 1.5194e-05
7.7889e+01 1.4908e-05
7.7989e+01 1.4628e-05
7.8089e+01 1.4352e-05
7.8189e+01 1.4082e-05
7.8289e+01 1.3816e-05
7.8389e+01 1.3554e-05
7.8489e+01 1.3298e-05
7.8589e+01 1.3045e-05
7.8689e+01 1.2798e-05
7.8789e+01 1.2554e-05
7.8889e+01 1.2315e-05
7.8989e+01 1.2081e-05
7.9090e+01 1.1850e-05
7.9190e+01 1.1624e-05
7.9290e+01 1.1401e-05
7.9390e+01 1.1183e-05
7.9490e+01 1.0968e-05
7.9590e+01 1.0758e-05
7.9690e+01 1.0551e-05
7.9790e+01 1.0348e-05
7.9890e+01 1.0148e-05
7.9990e+01 9.9522e-06
8.0090e+01 9.7598e-06
8.0190e+01 9.5709e-06
8.0290e+01 9.3854e-06
8.0390e+01 9.2033e-06
8.0490e+01 9.0245e-06
8.0590e+01 8.8489e-06
8.0690e+01 8.6766e-06
8.0790e+01 8.5074e-06
8.0890e+01 8.3412e-06
8.0990e+01 8.1781e-06
8.1091e+01 8.0181e-06
8.1191e+01 7.8609e-06
8.1291e+01 7.7066e-06
8.1391e+01 7.5552e-06
8.1491e+01 7.4066e-06
8.1591e+01 7.2607e-06
8.1691e+01 7.1175e-06
8.1791e+01 6.9769e-06
8.1891e+01 6.8390e-06
8.1991e+01 6.7036e-06
8.2091e+01 6.5707e-06
8.2191e+01 6.4403e-06
8.2291e+01 6.3123e-06
8.2391e+01 6.1867e-06
8.2491e+01 6.0635e-06
8.2591e+01 5.9426e-06
8.2691e+01 5.8239e-06
8.2791e+01 5.7075e-06
8.2891e+01 5.5932e-06
8.2991e+01 5.4811e-06
8.3092e+01 5.3711e-06
8.3192e+01 5.2632e-06
8.3292e+01 5.1574e-06
8.3392e+01 5.0535e-06
8.3492e+01 4.9516e-06
8.3592e+01 4.8516e-06
8.3692e+01 4.7535e-06
8.3792e+01 4.6573e-06
8.3892e+01 4.5630e-06
8.3992e+01 4.4704e-06
8.4092e+01 4.3796e-06
8.4192e+01 4.2905e-06
8.4292e+01 4.2032e-06
8.4392e+01 4.1175e-06
8.4492e+01 4.0335e-06
8.4592e+01 3.9510e-06
8.4692e+01 3.8702e-06
8.4792e+01 3.7909e-06
8.4892e+01 3.7132e-06
8.4992e+01 3.6370e-06
8.5093e+01 3.5622e-06
8.5193e+01 3.4889e-06
8.5293e+01 3.4170e-06
8.5393e+01 3.3465e-06
8.5493e+01 3.2774e-06
8.5593e+01 3.2096e-06
8.5693e+01 3.1431e-06
8.5793e+01 3.0780e-06
8.5893e+01 3.0141e-06
8.5993e+01 2.9515e-06
8.6093e+01 2.8901e-06
8.6193e+01 2.8299e-06
8.6293e+01 2.7709e-06
8.6393e+01 2.7131e-06
8.6493e+01 2.6563e-06
8.6593e+01 2.6008e-06
8.6693e+01 2.5463e-06
8.6793e+01 2.4929e-06
8.6893e+01 2.4405e-06
8.6993e+01 2.3892e-06
8.7094e+01 2.3389e-06
8.7194e+01 2.2897e-06
8.7294e+01 2.2414e-06
8.7394e+01 2.1940e-06
8.7494e+01 2.1476e-06
8.7594e+01 2.1022e-06
8.7694e+01 2.0576e-06
8.7794e+01 2.0139e-06
8.7894e+01 1.9712e-06
8.7994e+01 1.9292e-06
8.8094e+01 1.8882e-06
8.8194e+01 1.8479e-06
8.8294e+01 1.8085e-06
8.8394e+01 1.7698e-06
8.8494e+01 1.7320e-06
8.8594e+01 1.6949e-06
8.8694e+01 1.6586e-06
8.8794e+01 1.6230e-06
8.8894e+01 1.5881e-06
8.8994e+01 1.5539e-06
8.9095e+01 1.5205e-06
8.9195e+01 1.4877e-06
8.9295e+01 1.4556e-06
8.9395e+01 1.4241e-06
8.9495e+01 1.3933e-06
8.9595e+01 1.3631e-06
8.9695e+01 1.3336e-06
8.9795e+01 1.3046e-06
8.9895e+01 1.2763e-06
8.9995e+01 1.2485e-06
9.0095e+01 1.2213e-06
9.0195e+01 1.1947e-06
9.0295e+01 1.1686e-06
9.0395e+01 1.1430e-06
9.0495e+01 1.1180e-06
9.0595e+01 1.0936e-06
9.0695e+01 1.0696e-06
9.0795e+01 1.0461e-06
9.0895e+01 1.0231e-06
9.0995e+01 1.0006e-06
9.1096e+01 9.7855e-07
9.1196e+01 9.5697e-07
9.1296e+01 9.3585e-07
9.1396e+01 9.1517e-07
9.1496e+01 8.9492e-07
9.1596e+01 8.7510e-07
9.1696e+01 8.5569e-07
9.1796e+01 8.3670e-07
9.1896e+01 8.1811e-07
9.1996e+01 7.9991e-07
9.2096e+01 7.8209e-07
9.2196e+01 7.6465e-07
9.2296e+01 7.4759e-07
9.2396e+01 7.3088e-07
9.2496e+01 7.1453e-07
9.2596e+01 6.9853e-07
9.2696e+01 6.8287e-07
9.2796e+01 6.6755e-07
9.2896e+01 6.5255e-07
9.2996e+01 6.3787e-07
9.3097e+01 6.2351e-07
9.3197e+01 6.0946e-07
9.3297e+01 5.9571e-07
9.3397e+01 5.8225e-07
9.3497e+01 5.6908e-07
9.3597e+01 5.5620e-07
9.3697e+01 5.4359e-07
9.3797e+01 5.3126e-07
9.3897e+01 5.1920e-07
9.3997e+01 5.0739e-07
9.4097e+01 4.9584e-07
9.4197e+01 4.8455e-07
9.4297e+01 4.7349e-07
9.4397e+01 4.6268e-07
9.4497e+01 4.5211e-07
9.4597e+01 4.4176e-07
9.4697e+01 4.3164e-07
9.4797e+01 4.2174e-07
9.4897e+01 4.1206e-07
9.4997e+01 4.0259e-07
9.5098e+01 3.9333e-07
9.5198e+01 3.8427e-07
9.5298e+01 3.7541e-07
9.5398e+01 3.6675e-07
9.5498e+01 3.5828e-07
9.5598e+01 3.4999e-07
9.5698e+01 3.4189e-07
9.5798e+01 3.3397e-07
9.5898e+01 3.2622e-07
9.5998e+01 3.1864e-07
9.6098e+01 3.1123e-07
9.6198e+01 3.0399e-07
9.6298e+01 2.9691e-07
9.6398e+01 2.8998e-07
9.6498e+01 2.8321e-07
9.6598e+01 2.7659e-07
9.6698e+01 2.7012e-07
9.6798e+01 2.6380e-07
9.6898e+01 2.5761e-07
9.6998e+01 2.5156e-07
9.7099e+01 2.4565e-07
9.7199e+01 2.3988e-07
9.7299e+01 2.3423e-07
9.7399e+01 2.2871e-07
9.7499e+01 2.2331e-07
9.7599e+01 2.1804e-07
9.7699e+01 2.1289e-07
9.7799e+01 2.0785e-07
9.7899e+01 2.0292e-07
9.7999e+01 1.9811e-07
9.8099e+01 1.9341e-07
9.8199e+01 1.8881e-07
9.8299e+01 1.8432e-07
9.8399e+01 1.7993e-07
9.8499e+01 1.7564e-07
9.8599e+01 1.7145e-07
9.8699e+01 1.6736e-07
9.8799e+01 1.6336e-07
9.8899e+01 1.5945e-07
9.8999e+01 1.5563e-07
9.9100e+01 1.5190e-07
9.9200e+01 1.4825e-07
9.9300e+01 1.4469e-07
9.9400e+01 1.4121e-07
9.9500e+01 1.3781e-07
9.9600e+01 1.3448e-07
9.9700e+01 1.3124e-07
9.9800e+01 1.2807e-07
9.9900e+01 1.2497e-07
1.0000e+02 1.2195e-07
